Parameter,Value
Generation,14
Best Loss,0.6223137054474733
Genome,"[2, 2, 2, 0, 2, 2, 2, 2, 0, 0, 1, 1, 1, 1, 1]"

Frequency,T,R,L
0.055,0.19773639624507827,0.4142426391449666,0.38802096460995517
0.05550505050505051,0.1854640099904906,0.42254258528359157,0.3919934047259178
0.05601010101010101,0.17604778839986165,0.43178851594782514,0.3921636956523132
0.05651515151515152,0.16881364887837164,0.44216463826875996,0.38902171285286846
0.05702020202020202,0.1631758349750714,0.4537946749015508,0.38302949012337784
0.05752525252525253,0.15864214816974212,0.4667734065419074,0.3745844452883505
0.05803030303030303,0.15480876684118533,0.4811808799478696,0.3640103532109451
0.05853535353535354,0.1513500191108649,0.4970824209586315,0.35156755993050365
0.05904040404040404,0.14800682357874734,0.5145192996618648,0.3374738767593879
0.05954545454545455,0.14457608288134904,0.5334949774232085,0.32192893969544245
0.06005050505050505,0.1409021851414393,0.5539610299329403,0.30513678492562046
0.06055555555555556,0.13687094338150266,0.575805666718923,0.2873233898995744
0.061060606060606065,0.13240575037013838,0.5988466380075583,0.2687476116223033
0.06156565656565657,0.12746539556980138,0.622829418475058,0.24970518595514057
0.062070707070707075,0.12204282916144633,0.6474309157528441,0.23052625508570956
0.06257575757575758,0.11616412187994804,0.6722685111041413,0.2115673670159106
0.06308080808080808,0.10988692848821602,0.696913910669051,0.19319916084273303
0.06358585858585859,0.10329789852159385,0.7209109907979844,0.17579111068042175
0.06409090909090909,0.0965086767007726,0.7437965218732866,0.15969480142594084
0.0645959595959596,0.08965038025587205,0.7651223615955514,0.14522725814857662
0.0651010101010101,0.0828667053516267,0.7844774726459676,0.13265582200240578
0.06560606060606061,0.07630606379629706,0.8015080139326342,0.12218592227106873
0.06611111111111112,0.07011334329571477,0.8159338447222184,0.11395281198206686
0.06661616161616161,0.06442198383902861,0.8275600960198493,0.1080179201411221
0.06712121212121212,0.05934704976347666,0.836282978649238,0.10436997158728534
0.06762626262626263,0.05497985563888578,0.8420896341848514,0.10293051017626287
0.06813131313131314,0.05138450202299665,0.8450524812205575,0.10356301675644586
0.06863636363636363,0.0485964380547227,0.8453190516042597,0.10608451034101762
0.06914141414141414,0.04662293898811853,0.843098664732849,0.11027839627903246
0.06964646464646465,0.045445206452183334,0.8386474168749626,0.11590737667285411
0.07015151515151516,0.04502168887795159,0.8322528815299101,0.12272542959213839
0.07065656565656567,0.04529218201348209,0.8242196786359112,0.13048813935060677
0.07116161616161616,0.04618229284322496,0.8148567451104066,0.13896096204636843
0.07166666666666667,0.04760791459742959,0.8044667946828236,0.1479252907197468
0.07217171717171718,0.04947944465845236,0.7933381436867265,0.15718241165482116
0.07267676767676767,0.05170556339818899,0.7817388329394035,0.16655560366240751
0.07318181818181818,0.05419646853300739,0.7699128058770404,0.17589072558995222
0.07368686868686869,0.05686652063376817,0.7580778067889599,0.18505567257727196
0.0741919191919192,0.0596362998543742,0.746424628516712,0.19393907162891377
0.0746969696969697,0.06243410358341136,0.7351173508304945,0.20244854558609415
0.07520202020202021,0.06519693277807903,0.7242942531472504,0.2105088140746706
0.07570707070707071,0.06787102458732253,0.7140691443930858,0.2180598310195917
0.07621212121212122,0.07041199338619519,0.7045329173658014,0.22505508924800344
0.07671717171717173,0.07278464361756706,0.6957551964838642,0.23146015989856872
0.07722222222222222,0.0749625171791386,0.687786000584162,0.23725148223669945
0.07772727272727273,0.0769272361802548,0.6806573831962691,0.24241538062347612
0.07823232323232324,0.07866769897560195,0.6743850404133952,0.2469472606110028
0.07873737373737374,0.08017918348670354,0.6689698918829106,0.25085092463038594
0.07924242424242425,0.08146240690697737,0.6643996457300257,0.2541379473629969
0.07974747474747476,0.08252258495593433,0.6606503564207775,0.25682705862328814
0.08025252525252526,0.08336852701044797,0.6576879788959047,0.25894349409364736
0.08075757575757576,0.08401179592363751,0.6554699156235668,0.2605182884527957
0.08126262626262627,0.08446595347699154,0.6539465475577237,0.26158749896528466
0.08176767676767677,0.08474590459871596,0.653062736325948,0.262191359075336
0.08227272727272728,0.08486734614075037,0.6527592832609159,0.26237337059833377
0.08277777777777778,0.08484631952901715,0.6529743303461036,0.26217935012487925
0.08328282828282829,0.08469886130360334,0.6536446876704187,0.2616564510259779
0.0837878787878788,0.08444074165837859,0.6547070706463987,0.2608521876952228
0.0842929292929293,0.08408727865725446,0.6560992276638209,0.2598134936789247
0.0847979797979798,0.0836532147998644,0.6577609354114636,0.25858584978867194
0.08530303030303031,0.0831526428648716,0.6596348359362273,0.25721252119890115
0.08580808080808082,0.08259896920873479,0.6616670882596629,0.2557339425316023
0.08631313131313131,0.08200490461222777,0.6638078097781395,0.2541872856096328
0.08681818181818182,0.08138247499349753,0.6660112901015788,0.25260623490492373
0.08732323232323233,0.08074304651084392,0.6682359729796754,0.25102098050948063
0.08782828282828284,0.08009736148372266,0.6704442199213048,0.24945841859497253
0.08833333333333335,0.07945558297704837,0.6726018901624771,0.24794252686047458
0.08883838383838386,0.07882734673664392,0.6746777927674035,0.2464948604959526
0.08934343434343435,0.0782218194541522,0.6766430840743787,0.24513509647146914
0.08984848484848486,0.07764776219192822,0.6784706934653307,0.243881544342741
0.09035353535353535,0.07711359739071623,0.6801348591466657,0.24275154346261807
0.09085858585858586,0.07662747742009743,0.6816108412221086,0.24176168135779397
0.09136363636363637,0.0761973523037899,0.6828748517788934,0.24092779591731672
0.09186868686868688,0.07583103419683192,0.6839042034476329,0.24026476235553518
0.09237373737373739,0.07553625646935741,0.6846776339542563,0.23978610957638635
0.0928787878787879,0.07532072583429686,0.6851757217850343,0.2395035523806689
0.0933838383838384,0.075192166738205,0.68538127577963,0.23942655748216501
0.0938888888888889,0.0751583580586029,0.685279567761332,0.23956207418006503
0.0943939393939394,0.07522716284941411,0.6848582889840804,0.23991454816650548
0.0948989898989899,0.0754065523110141,0.6841071514572632,0.24048629623172268
0.09540404040404041,0.07570462526426572,0.6830171221935678,0.2412782525421665
0.09590909090909092,0.07612962419884606,0.6815793640777306,0.24229101172342338
0.09641414141414142,0.07668994855347136,0.6797840471589678,0.24352600428756088
0.09691919191919193,0.07739416543952887,0.6776192696017979,0.24498656495867321
0.09742424242424244,0.0782510177263968,0.6750703669075525,0.24667861536605074
0.09792929292929294,0.07926942941002646,0.6721198716993032,0.24861069889067033
0.09843434343434344,0.08045850853097201,0.6687483013562218,0.2507931901128062
0.09893939393939395,0.08182754850170479,0.6649357958559162,0.25323665564237896
0.09944444444444445,0.08338602930688795,0.6606644180808147,0.25594955261229735
0.09994949494949495,0.08514362030577681,0.6559206965181701,0.2589356831760531
0.10045454545454546,0.0871101859114178,0.6506977856572901,0.2621920284312921
0.10095959595959597,0.08929579395232513,0.644996503895335,0.26570770215233985
0.10146464646464648,0.09171072396850255,0.6388245448920624,0.26946473113943503
0.10196969696969699,0.0943654693399294,0.632193394747186,0.27344113591288455
0.10247474747474748,0.09727072370956658,0.6251129412473942,0.2776163350430392
0.10297979797979799,0.10043733977462418,0.6175844007112886,0.28197825951408717
0.10348484848484849,0.10387624854679675,0.6095929185330755,0.2865308329201277
0.103989898989899,0.10759833086881226,0.6011018621376614,0.2912998069935264
0.1044949494949495,0.11161424088122987,0.5920512079505988,0.2963345511681713
0.10500000000000001,0.1159341924217162,0.5823622949241296,0.3017035126541542
