Parameter,Value
Generation,8
Best Fitness,0.8063509123992993
Genome,"[2, 2, 2, 0, 0, 2, 0, 2, 2, 2, 2, 2, 0, 1, 1, 1, 3, 2, 2, 2, 0, 1, 3, 1, 3, 3, 2, 2, 2, 3]"

Frequency,T,R,L
0.055,0.146174351838343,0.42845105946903433,0.42537458869262273
0.05550505050505051,0.13933095581143956,0.44259779645856373,0.41807124772999676
0.05601010101010101,0.13432315632696173,0.45973052654371876,0.40594631712931945
0.05651515151515152,0.12995264122362013,0.4784634109599476,0.39158394781643224
0.05702020202020202,0.12519938763138888,0.49788365693847747,0.3769169554301337
0.05752525252525253,0.11963993897555139,0.5178227918399425,0.36253726918450613
0.05803030303030303,0.11334360216301831,0.5386379924585758,0.3480184053784059
0.05853535353535354,0.10652926095973002,0.5607765496433672,0.33269418939690276
0.05904040404040404,0.09930527989219677,0.5843979628770302,0.3162967572307731
0.05954545454545455,0.09163146272951271,0.6092093270694274,0.29915921020105984
0.06005050505050505,0.08344264658236943,0.6345274731786195,0.2820298802390111
0.06055555555555556,0.07479023452621286,0.6594836357151345,0.26572612975865273
0.061060606060606065,0.06589738906106302,0.6832559243292787,0.25084668660965825
0.06156565656565657,0.05711376148525074,0.7052387618139443,0.237647476700805
0.062070707070707075,0.048821201195880355,0.7251082185554124,0.2260705802487072
0.06257575757575758,0.0413516170399928,0.7427908143150931,0.21585756864491412
0.06308080808080808,0.034947371261790074,0.7583743590109462,0.20667826972726377
0.06358585858585859,0.02975833479245714,0.7720080492310936,0.19823361597644928
0.06409090909090909,0.02585340115410193,0.7838292548276139,0.19031734401828415
0.0645959595959596,0.023230465605648287,0.7939344558347634,0.18283507855958825
0.0651010101010101,0.021823635070200964,0.8023905658960646,0.17578579903373437
0.06560606060606061,0.021514578614870262,0.8092676756223067,0.169217745762823
0.06611111111111112,0.022151710407890657,0.8146692485025773,0.16317904108953207
0.06661616161616161,0.02357261011989769,0.8187413700577405,0.15768601982236186
0.06712121212121212,0.025621028601242556,0.8216554277025302,0.1527235436962272
0.06762626262626263,0.02815373399530861,0.8235726795769935,0.14827358642769783
0.06813131313131314,0.031040240231448808,0.8246083385804861,0.1443514211880651
0.06863636363636363,0.03416291318307584,0.824813104684313,0.14102398213261114
0.06914141414141414,0.037422375206726,0.8241816204602161,0.13839600433305788
0.06964646464646465,0.04074619953188766,0.8226842541490327,0.1365695463190797
0.07015151515151516,0.04409386412220759,0.8203072533461717,0.13559888253162067
0.07065656565656567,0.047452194847068654,0.8170822102254581,0.13546559492747323
0.07116161616161616,0.05082206013396645,0.8130911116875291,0.13608682817850448
0.07166666666666667,0.05420352443186565,0.8084457690478283,0.13735070652030612
0.07217171717171718,0.057587686055108944,0.8032544251148367,0.1391578888300543
0.07267676767676767,0.0609578515155535,0.7975971562714678,0.14144499221297868
0.07318181818181818,0.06429445330831642,0.7915306367745174,0.1441749099171662
0.07368686868686869,0.06757340893230458,0.7851313405354068,0.14729525053228865
0.0741919191919192,0.0707505568683522,0.7785683302288193,0.15068111290282848
0.0746969696969697,0.07373445403880345,0.7721796027964031,0.15408594316479352
0.07520202020202021,0.07636056700775702,0.7665171044966232,0.1571223284956197
0.07570707070707071,0.07838482175615845,0.762329890892724,0.15928528735111758
0.07621212121212122,0.07950960063454564,0.7604724782612649,0.16001792110418955
0.07671717171717173,0.0794420304492278,0.7617508824285121,0.1588070871222601
0.07722222222222222,0.0779690363678088,0.7667431878186676,0.1552877758135236
0.07772727272727273,0.07502385432225167,0.7756453567381395,0.14933078893960883
0.07823232323232324,0.07071958235393742,0.7881902672117761,0.14109015043428652
0.07873737373737374,0.06533676327577777,0.8036684422243494,0.13099479449987284
0.07924242424242425,0.059268764820566644,0.8210487326871129,0.11968250249232049
0.07974747474747476,0.05294342143008037,0.8391667510838289,0.10788982748609077
0.08025252525252526,0.046745991580126434,0.8569289354314207,0.09632507298845283
0.08075757575757576,0.04096502243078851,0.8734777794646131,0.08555719810459839
0.08126262626262627,0.035771801956304854,0.8882794532326582,0.07594874481103697
0.08176767676767677,0.031231132405270458,0.9011224756898207,0.06764639190490884
0.08227272727272728,0.027331605133512404,0.91204481330472,0.060623581561767614
0.08277777777777778,0.024020456558073944,0.9212263270418589,0.05475321640006714
0.08328282828282829,0.02123122640096515,0.9288875931992077,0.04988118039982714
0.0837878787878788,0.018899066400370607,0.9352249473454521,0.045875986254177215
0.0842929292929293,0.01696508046546402,0.940391292651212,0.042643626883324015
0.0847979797979798,0.015374843156664144,0.9445119746519998,0.04011318219133608
0.08530303030303031,0.014076434304943337,0.9477130628482038,0.0382105028468529
0.08580808080808082,0.01302092238347697,0.9501395399517194,0.036839537664803634
0.08631313131313131,0.012165141383566782,0.9519513833956988,0.03588347522073432
0.08681818181818182,0.01147459990253048,0.9533001517762176,0.035225248321251845
0.08732323232323233,0.010924260150135026,0.9543000150885079,0.03477572476135704
0.08782828282828284,0.01049639797705135,0.955009965413724,0.034493636609224665
0.08833333333333335,0.010176676491586632,0.9554374841066898,0.03438583940172357
0.08883838383838386,0.009950700179311716,0.9555620761561313,0.03448722366455692
0.08934343434343435,0.009802988426265924,0.9553661874658242,0.03483082410790983
0.08984848484848486,0.009718741306848865,0.9548568005335397,0.03542445815961137
0.09035353535353535,0.009686943970820204,0.954065687555886,0.036247368473293795
0.09085858585858586,0.009702434748810046,0.9530275506475216,0.0372700146036683
0.09136363636363637,0.009765199348293955,0.9517473388097334,0.0384874618419726
0.09186868686868688,0.009877039813169494,0.950174573196521,0.03994838699030956
0.09237373737373739,0.01003773002794735,0.9481998438770931,0.041762426094959504
0.0928787878787879,0.0102434418215254,0.9456776984890971,0.044078859689377525
0.0933838383838384,0.010488943833791942,0.9424662335134122,0.04704482265279586
0.0938888888888889,0.010772457482531996,0.9384640125116345,0.05076353000583356
0.0943939393939394,0.011099797036096735,0.9336249463902576,0.055275256573645626
0.0948989898989899,0.011484289198317113,0.9279422774889974,0.0605734333126855
0.09540404040404041,0.011941515139298609,0.9214091661705577,0.06664931869014368
0.09590909090909092,0.012481795514680295,0.9139774656207834,0.07354073886453627
0.09641414141414142,0.013105849618995646,0.9055403988671284,0.08135375151387592
0.09691919191919193,0.013807871734572017,0.8959557463597835,0.09023638190564454
0.09742424242424244,0.014585314917214683,0.8851069827966612,0.10030770228612407
0.09792929292929294,0.015448850309131186,0.8729791102327432,0.11157203945812555
0.09843434343434344,0.016423737357655177,0.8597138358798614,0.12386242676248338
0.09893939393939395,0.017538166740178128,0.8456121818900123,0.13684965136980953
0.09944444444444445,0.018803650033068692,0.8310719562808532,0.1501243936860781
0.09994949494949495,0.020201160242065468,0.8164760435753129,0.1633227961826217
0.10045454545454546,0.02168699165031989,0.8020738697246693,0.17623913862501084
0.10095959595959597,0.023220889734409462,0.7879108784485288,0.1888682318170617
0.10146464646464648,0.024801020018872858,0.773851283937467,0.2013476960436601
0.10196969696969699,0.026478383179568583,0.7597062430332372,0.21381537378719417
0.10247474747474748,0.02832994311001416,0.7454299348953461,0.22624012199463972
0.10297979797979799,0.030397145812076233,0.7312961784041718,0.23830667578375198
0.10348484848484849,0.032630103546193244,0.7179424107953895,0.24942748565841732
0.103989898989899,0.03489118983127015,0.706192027764425,0.2589167824043048
0.1044949494949495,0.0370440579450665,0.6966546063635135,0.26630133569142
0.10500000000000001,0.039089718933418595,0.6892412614864415,0.2716690195801399
