Parameter,Value
Generation,2
Best Fitness,0.7606180406377473
Genome,"[2, 0, 2, 2, 2, 2, 0, 0, 1, 1, 1, 3, 2, 2, 3, 2, 1, 2, 2, 2, 2, 2, 3]"

Frequency,T,R,L
0.055,0.3791708620588187,0.33056370402035773,0.2902654339208235
0.05550505050505051,0.348976814193388,0.3600052710459894,0.2910179147606226
0.05601010101010101,0.3187730311399887,0.38979582043992805,0.29143114842008316
0.05651515151515152,0.28908879883507405,0.41965667049425354,0.29125453067067236
0.05702020202020202,0.2603640388862915,0.4494109643013404,0.290224996812368
0.05752525252525253,0.23292807251492817,0.47898256292182,0.2880893645632518
0.05803030303030303,0.20699391247510554,0.5083714122458867,0.28463467527900776
0.05853535353535354,0.18266461065979375,0.5376334568845536,0.27970193245565267
0.05904040404040404,0.15996573555493082,0.5668400805036612,0.27319418394140793
0.05954545454545455,0.1388911180224604,0.596017849668492,0.2650910323090476
0.06005050505050505,0.11943754006257255,0.6251068786265475,0.25545558131088
0.06055555555555556,0.1016247507321133,0.6539451982753245,0.2444300509925622
0.061060606060606065,0.08550205336256848,0.6822638780678613,0.2322340685695703
0.06156565656565657,0.07113412969974663,0.7097034679187904,0.219162402381463
0.062070707070707075,0.058569954733533755,0.7358616729056131,0.20556837236085312
0.06257575757575758,0.047813485184617026,0.7603468174625768,0.19183969735280615
0.06308080808080808,0.03880778014350411,0.7828133837911083,0.17837883606538762
0.06358585858585859,0.031432787485177326,0.8029854387703678,0.16558177374445493
0.06409090909090909,0.025517017774877967,0.8206709230601832,0.1538120591649389
0.0645959595959596,0.020860659942510653,0.8357562413145141,0.14338309874297528
0.0651010101010101,0.017259766610690445,0.8481886854844033,0.1345515479049063
0.06560606060606061,0.014523480393047003,0.8579670762780317,0.12750944332892133
0.06611111111111112,0.012485172282810292,0.8651388324548377,0.12237599526235199
0.06661616161616161,0.01100879869257954,0.8697906674261331,0.11920053388128737
0.06712121212121212,0.009988932068253494,0.872039584250582,0.1179714836811645
0.06762626262626263,0.009346539415506373,0.872033058268445,0.11862040231604865
0.06813131313131314,0.009024885662870477,0.8699466191969413,0.12102849514018821
0.06863636363636363,0.008985662908917015,0.8659709494806406,0.12504338761044242
0.06914141414141414,0.009203964359447115,0.8603014920281175,0.1304945436124354
0.06964646464646465,0.009664086521619389,0.8531357401307881,0.1372001733475925
0.07015151515151516,0.010357554241127881,0.8446652596434593,0.14497718611541288
0.07065656565656567,0.011281364728485163,0.835061971586145,0.1536566636853698
0.07116161616161616,0.012435784963668475,0.8244734596686595,0.16309075536767204
0.07166666666666667,0.013823531574378413,0.8130256382145588,0.1731508302110628
0.07217171717171718,0.015450031679652846,0.8008188640847202,0.18373110423562689
0.07267676767676767,0.017322845685674645,0.7879225738303991,0.19475458048392624
0.07318181818181818,0.01945088093230366,0.7743817453715,0.20616737369619642
0.07368686868686869,0.021844735609660368,0.7602271210007483,0.21792814338959132
0.0741919191919192,0.024516878160340132,0.7454770620690904,0.23000605977056954
0.0746969696969697,0.02748054980826513,0.730142101293955,0.24237734889777995
0.07520202020202021,0.030748723964116414,0.714243171832254,0.2550081042036295
0.07570707070707071,0.034333416601946776,0.6978304254139263,0.26783615798412697
0.07621212121212122,0.03824350527005675,0.6809945129655249,0.28076198176441836
0.07671717171717173,0.04248083838607762,0.6638868642036603,0.2936322974102621
0.07722222222222222,0.04703591497646576,0.6467550994523782,0.30620898557115606
0.07772727272727273,0.05188229450616464,0.6299737656697117,0.3181439398241236
0.07823232323232324,0.05696829399556484,0.6140638741614508,0.3289678318429844
0.07873737373737374,0.06220748301272521,0.5997157956255453,0.3380767213617295
0.07924242424242425,0.06747035392637468,0.587804645622532,0.34472500045109333
0.07974747474747476,0.07257825477872026,0.5793600309839613,0.34806171423731846
0.08025252525252526,0.0773029092497802,0.575478049082003,0.3472190416682168
0.08075757575757576,0.08137796961852699,0.5771900074512287,0.3414320229302443
0.08126262626262627,0.08452617667024197,0.5852850784430641,0.3301887448866939
0.08176767676767677,0.08649952326897746,0.6000947593291258,0.3134057174018967
0.08227272727272728,0.08712542352712864,0.621317589469142,0.29155698700372945
0.08277777777777778,0.08634679353252879,0.6479831576040082,0.265670048863463
0.08328282828282829,0.0842398627097648,0.6785733549999922,0.23718678229024304
0.0837878787878788,0.0810003091860335,0.7112511608516029,0.2077485299623636
0.0842929292929293,0.07690397825365411,0.7441505449129812,0.1789454768333647
0.0847979797979798,0.0722574318264879,0.775661905330001,0.15208066284351107
0.08530303030303031,0.06735184590554123,0.80460528767372,0.1280428664207388
0.08580808080808082,0.0624304743711924,0.8302480582321438,0.10732146739666382
0.08631313131313131,0.05767527041077075,0.8522492897958605,0.09007543979336874
0.08681818181818182,0.05320859633285204,0.8706004606841039,0.07619094298304407
0.08732323232323233,0.04910101710253505,0.8855275010015348,0.06537148189593023
0.08782828282828284,0.04538198509246876,0.8973546596996229,0.05726335520790837
0.08833333333333335,0.042053283246063264,0.906434034217972,0.05151268253596475
0.08883838383838386,0.039100039202294136,0.9131561289783255,0.047743831819380356
0.08934343434343435,0.036496043520427165,0.9179137864932235,0.04559016998634935
0.08984848484848486,0.03420875429267125,0.9210124077714203,0.04477883793590842
0.09035353535353535,0.032205957474243985,0.9226854248706232,0.045108617655132854
0.09085858585858586,0.030457393952303805,0.9231918858653726,0.04635072018232356
0.09136363636363637,0.02893232035099225,0.9227745002581297,0.04829317939087807
0.09186868686868688,0.02760237959630118,0.9215324099623022,0.05086521044139658
0.09237373737373739,0.026446027298649227,0.9195076361910451,0.05404633651030566
0.0928787878787879,0.02544395579014303,0.9168671386282494,0.05768890558160755
0.0933838383838384,0.02457495151367427,0.9137568523050943,0.06166819618123143
0.0938888888888889,0.023823996290889243,0.9100513668367158,0.06612463687239489
0.0943939393939394,0.023185032821930025,0.9056222513345491,0.07119271584352083
0.0948989898989899,0.022647125160684588,0.9007048875350127,0.07664798730430278
0.09540404040404041,0.022195634614454035,0.8953706119413657,0.08243375344418025
0.09590909090909092,0.02183728063586741,0.8889097257257211,0.08925299363841144
0.09641414141414142,0.02158986983027195,0.8810541725845948,0.09735595758513316
0.09691919191919193,0.021422997006059517,0.873905266299907,0.10467173669403351
0.09742424242424244,0.021254069825617776,0.8705818410117631,0.10816408916261921
0.09792929292929294,0.021048468558782445,0.8707776597763746,0.10817387166484305
0.09843434343434344,0.020882031008140133,0.8697323235050453,0.10938564548681462
0.09893939393939395,0.02084959260690252,0.8636593393412495,0.11549106805184794
0.09944444444444445,0.0209526346279838,0.8543156200392424,0.12473174533277376
0.09994949494949495,0.021136942218064163,0.8455415780118921,0.13332147977004372
0.10045454545454546,0.021394067781156767,0.8373516764137244,0.14125425580511874
0.10095959595959597,0.021753035514663385,0.827303176974982,0.15094378751035464
0.10146464646464648,0.022213688158709482,0.8159081987171365,0.161878113124154
0.10196969696969699,0.022763135011645726,0.8055967315842887,0.1716401334040656
0.10247474747474748,0.023423315300617843,0.7954414889452089,0.18113519575417325
0.10297979797979799,0.024220220041517644,0.7827353296120908,0.1930444503463915
0.10348484848484849,0.025146916977358356,0.7688597440958241,0.20599333892681748
0.103989898989899,0.02620624684069317,0.7568764748391519,0.21691727832015495
0.1044949494949495,0.02743708794795755,0.7446196341057595,0.227943277946283
0.10500000000000001,0.028860464685081987,0.7284135140289755,0.24272602128594256
