Parameter,Value
Generation,2
Best Fitness,0.34043786799672038
Genome,"[3, 1, 3]"

Frequency,T,R,L
0.055,0.7296028646608691,0.08304122044623927,0.18735591489289163
0.05550505050505051,0.7233587659310875,0.08900024219431846,0.18764099187459404
0.05601010101010101,0.7167625335142902,0.09550309421904787,0.18773437226666193
0.05651515151515152,0.7097999095823219,0.10255910416422875,0.18764098625344938
0.05702020202020202,0.7024381135343525,0.11017213489461265,0.18738975157103488
0.05752525252525253,0.6946271862265537,0.11834447632482976,0.18702833744861652
0.05803030303030303,0.6863037384211432,0.12707866115026858,0.1866176004285882
0.05853535353535354,0.6773960091469783,0.13637741005049375,0.18622658080252796
0.05904040404040404,0.6678294428496087,0.14624208966724858,0.18592846748314276
0.05954545454545455,0.6575322937057612,0.1566701345556699,0.18579757173856895
0.06005050505050505,0.6464410022412824,0.16765188613070706,0.18590711162801052
0.06055555555555556,0.6345052349717653,0.1791672731714641,0.18632749185677064
0.061060606060606065,0.6216925296335255,0.19118272364220062,0.18712474672427387
0.06156565656565657,0.6079924631414496,0.2036486664975278,0.18835887036102258
0.062070707070707075,0.5934201850035695,0.21649795190412482,0.19008186309230565
0.06257575757575758,0.5780190697067312,0.22964547692216877,0.1923354533711
0.06308080808080808,0.5618621728060177,0.2429892356449794,0.1951485915490029
0.06358585858585859,0.5450521587227459,0.25641290571933617,0.1985349355579179
0.06409090909090909,0.52771942601659,0.26978993416297176,0.2024906398204382
0.0645959595959596,0.5100182953288044,0.2829889055072501,0.20699279916394553
0.0651010101010101,0.4921213334634335,0.2958797902290798,0.21199887630748665
0.06560606060606061,0.4742121306731208,0.3083405171998802,0.21744735212699895
0.06611111111111112,0.4564770785445097,0.32026322754696446,0.22325969390852585
0.06661616161616161,0.4390968610299275,0.3315595754499371,0.2293435635201354
0.06712121212121212,0.42223843079265067,0.3421645502049384,0.23559701900241092
0.06762626262626263,0.40604818092849615,0.35203848544469524,0.2419133336268086
0.06813131313131314,0.3906468515234618,0.3611671578242824,0.24818599065225583
0.06863636363636363,0.3761264696689006,0.369560111844126,0.25431341848697336
0.06914141414141414,0.36254936160900025,0.37724753715468035,0.26020310123631935
0.06964646464646465,0.3499490456486579,0.3842761420806673,0.2657748122706748
0.07015151515151516,0.33833264901356325,0.39070450436128484,0.27096284662515197
0.07065656565656567,0.32768440566882573,0.39659834721332143,0.27571724711785284
0.07116161616161616,0.3179697808653981,0.4020261071698171,0.2800041119647848
0.07166666666666667,0.309139814552925,0.4070550546862027,0.2838051307608724
0.07217171717171718,0.30113535691928767,0.41174812130203536,0.287116521778677
0.07267676767676767,0.2938909633087162,0.4161614936754385,0.2899475430158453
0.07318181818181818,0.2873383057530249,0.42034296307321906,0.29231873117375606
0.07368686868686869,0.281409033899027,0.42433097055884683,0.29425999554212623
0.0741919191919192,0.27603707477949785,0.42815426054067374,0.29580866467982847
0.0746969696969697,0.2711603986804296,0.4318320437393551,0.2970075575802153
0.07520202020202021,0.26672230005172937,0.4353745697681617,0.29790313018010894
0.07570707070707071,0.2626722519390226,0.43878401479169543,0.298543733269282
0.07621212121212122,0.25896639383380876,0.44205559770211905,0.29897800846407224
0.07671717171717173,0.25556770965511516,0.4451788467647787,0.2992534435801061
0.07722222222222222,0.25244594745308646,0.44813894669557247,0.29941510585134107
0.07772727272727273,0.24957732713220274,0.4509181034345674,0.2995045694332299
0.07823232323232324,0.24694407799425067,0.4534968707837296,0.29955905122201976
0.07873737373737374,0.24453384452300955,0.45585539010546033,0.29961076537153014
0.07924242424242425,0.24233899644801488,0.45797450192825995,0.2996865016237251
0.07974747474747476,0.2403558773426162,0.45983669687624656,0.2998074257811372
0.08025252525252526,0.23858402434051845,0.4614268828477223,0.2999890928117593
0.08075757575757576,0.237025389535045,0.4627329555430195,0.30024165492193544
0.08126262626262627,0.23568359091974295,0.46374616977892336,0.30057023930133364
0.08176767676767677,0.23456321717433815,0.4644613188882167,0.3009754639374452
0.08227272727272728,0.23366920621604612,0.46487673823377645,0.3014540555501774
0.08277777777777778,0.2330063124020227,0.464994155905563,0.3019995316924143
0.08328282828282829,0.2325786718767274,0.4648184186280573,0.3026029094952153
0.0837878787878788,0.23238947015585806,0.4643571236156035,0.3032534062285384
0.0842929292929293,0.23244071097327004,0.4636201876247476,0.3039391014019824
0.0847979797979798,0.23273308098668663,0.4626193830067555,0.30464753600655786
0.08530303030303031,0.23326590135944755,0.4613678675380571,0.30536623110249533
0.08580808080808082,0.2340371546291529,0.45987973065388754,0.3060831147169596
0.08631313131313131,0.23504357366355852,0.4581695738995393,0.3067868524369022
0.08681818181818182,0.2362807788275332,0.4562521383810824,0.3074670827913844
0.08732323232323233,0.23774344961532168,0.4541419871148576,0.30811456326982073
0.08782828282828284,0.23942551777112694,0.4518532457323712,0.30872123649650185
0.08833333333333335,0.2413203701428294,0.4493994011975605,0.30928022865961013
0.08883838383838386,0.2434210510091236,0.44679315515742263,0.3097857938334538
0.08934343434343435,0.24572045523520678,0.44404632632232716,0.31023321844246604
0.08984848484848486,0.24821150523110627,0.44116979484620833,0.3106186999226854
0.09035353535353535,0.2508873062403033,0.43817348098526343,0.31093921277443326
0.09085858585858586,0.25374127595146845,0.43506635025742524,0.3111923737911063
0.09136363636363637,0.25676724581775195,0.4318564377750277,0.3113763164072204
0.09186868686868688,0.25995953282441087,0.42855088523908846,0.31148958193650067
0.09237373737373739,0.2633129818072602,0.4251559851214461,0.31153103307129376
0.0928787878787879,0.26682297981092806,0.4216772276882491,0.3114997925008228
0.0933838383838384,0.27048544536396557,0.418119347628301,0.31139520700773343
0.0938888888888889,0.2742967968552629,0.4144863680692177,0.31121683507551934
0.0943939393939394,0.27825390527967353,0.41078164066212713,0.31096445405819934
0.0948989898989899,0.28235403728751185,0.40700788120134473,0.3106380815111434
0.09540404040404041,0.2865947945123167,0.4031672009578075,0.3102380045298759
0.09590909090909092,0.29097405438463986,0.3992611346008967,0.30976481101446346
0.09641414141414142,0.295489915976509,0.39529066630621273,0.3092194177172783
0.09691919191919193,0.3001406519217714,0.3912562564084167,0.30860309166981187
0.09742424242424244,0.3049246643799983,0.3871578717117769,0.3079174639082248
0.09792929292929294,0.30984043983040194,0.38299502319860845,0.30716453697098955
0.09843434343434344,0.314886494862675,0.3787668151907958,0.30634668994652914
0.09893939393939395,0.32006130386010073,0.37447200979134887,0.30546668634855034
0.09944444444444445,0.3253632003125503,0.3701091094214185,0.3045276902660312
0.09994949494949495,0.33079024703946314,0.36567645829506906,0.3035332946654678
0.10045454545454546,0.33634007704193136,0.3611723606769986,0.30248756228107004
0.10095959595959597,0.342009715672872,0.3565952098808435,0.30139507444628455
0.10146464646464648,0.3477954052495255,0.35194361754826375,0.3002609772022107
0.10196969696969699,0.3536924633446526,0.347216528417241,0.29909100823810647
0.10247474747474748,0.3596952133733589,0.3424133023593847,0.2978914842672564
0.10297979797979799,0.3657970279977554,0.33753374388525287,0.29666922811699176
0.10348484848484849,0.371990519637943,0.3325780604835006,0.2954314198785565
0.103989898989899,0.378267895988311,0.3275467357419818,0.2941853682697072
0.1044949494949495,0.3846214710825606,0.3224403113702228,0.2929382175472166
0.10500000000000001,0.39104428500922667,0.31725908337122816,0.29169663161954523

