Parameter,Value
Generation,10
Best Fitness,1.1289050950669977
Genome,"[2, 2, 2, 2, 2, 0, 1, 1, 1, 3, 1, 2, 2, 3, 3, 1, 1, 1, 2]"

Frequency,T,R,L
0.055,0.2045256510931268,0.3976137955029768,0.39786055340389637
0.05550505050505051,0.1829790536716887,0.4075697845378985,0.40945116179041285
0.05601010101010101,0.16599326287929345,0.4161800193403523,0.4178267177803542
0.05651515151515152,0.1529922661563373,0.4240858987072321,0.42292183513643056
0.05702020202020202,0.14327977589337826,0.4318708662056508,0.42484935790097095
0.05752525252525253,0.13613585343383847,0.4400266368426879,0.4238375097234736
0.05803030303030303,0.13089667503352082,0.4489398915949693,0.42016343337150996
0.05853535353535354,0.12700042906942335,0.4588930004313794,0.41410657049919725
0.05904040404040404,0.1239957660303025,0.4700727112622832,0.4059315227074143
0.05954545454545455,0.12152523192128883,0.48258183303237806,0.3958929350463331
0.06005050505050505,0.11930263020542699,0.4964503877305641,0.3842469820640089
0.06055555555555556,0.11709785063845203,0.5116443719927843,0.37125777736876364
0.061060606060606065,0.11473171404612699,0.5280719247807925,0.3571963611730805
0.06156565656565657,0.11207520637171414,0.5455879742721852,0.3423368193561007
0.062070707070707075,0.10904637990341746,0.5639990092314664,0.3269546108651161
0.06257575757575758,0.10560258968582333,0.583069420025816,0.31132799028836067
0.06308080808080808,0.10173075986078114,0.6025301338511039,0.29573910628811495
0.06358585858585859,0.09744004778100565,0.6220894591317035,0.2804704930872908
0.06409090909090909,0.09275901815747987,0.6414455205242219,0.26579546131829823
0.0645959595959596,0.08773574352703377,0.6602995176564513,0.25196473881651493
0.0651010101010101,0.08243723408153357,0.6783691187087829,0.2391936472096835
0.06560606060606061,0.07694559586956465,0.6954013415134673,0.22765306261696805
0.06611111111111112,0.0713511499734017,0.7111841336550278,0.2174647163715706
0.06661616161616161,0.06574501742253373,0.7255556264019072,0.20869935617555913
0.06712121212121212,0.060213767946158646,0.7384099575828099,0.20137627447103146
0.06762626262626263,0.054836933098173044,0.7496988523367185,0.19546421456510843
0.06813131313131314,0.04968618651475949,0.7594288171921701,0.19088499629307032
0.06863636363636363,0.044824372012717974,0.7676545977406494,0.1875210302466327
0.06914141414141414,0.04030356454395899,0.7744701333303428,0.18522630212569824
0.06964646464646465,0.03616290436913575,0.7799983917267734,0.18383870390409085
0.07015151515151516,0.03242768718739307,0.7843812062031871,0.18319110660941984
0.07065656565656567,0.029110585653433572,0.7877697967870889,0.18311961755947748
0.07116161616161616,0.026214526319376243,0.7903163057263747,0.18346916795424906
0.07166666666666667,0.023735782507817056,0.7921665524418859,0.184097665050297
0.07217171717171718,0.02166598293500287,0.7934542586803939,0.18487975838460324
0.07267676767676767,0.01999277023654216,0.7942970334181654,0.1857101963452925
0.07318181818181818,0.018699901007609834,0.7947942889415694,0.18650581005082068
0.07368686868686869,0.017767857651287414,0.7950269743562592,0.18720516799245335
0.0741919191919192,0.01717541386285923,0.7950586972572818,0.1877658888798589
0.0746969696969697,0.016901640585094815,0.7949376432596036,0.1881607161553016
0.07520202020202021,0.016927343904661062,0.7946987968849112,0.1883738592104277
0.07570707070707071,0.01723526390279884,0.7943662561725833,0.1883984799246179
0.07621212121212122,0.017809233359001028,0.793955730249677,0.188235036391322
0.07671717171717173,0.018633191743624433,0.7934774201433903,0.18788938811298528
0.07722222222222222,0.01969092779912797,0.7929393372562905,0.18736973494458153
0.07772727272727273,0.02096671759677817,0.7923508143872803,0.18668246801594157
0.07823232323232324,0.022446206977437388,0.7917257244548065,0.18582806856775613
0.07873737373737374,0.024116610734636973,0.7910849238751124,0.18479846539025058
0.07924242424242425,0.025965784974560726,0.7904577027941597,0.18357651223127958
0.07974747474747476,0.027980587765422987,0.7898823891598898,0.18213702307468715
0.08025252525252526,0.03014548891741075,0.7894064689717708,0.18044804211081844
0.08075757575757576,0.032442177128320426,0.7890864851760341,0.1784713376956455
0.08126262626262627,0.034850098571417895,0.7889876059761938,0.17616229545238837
0.08176767676767677,0.037347094050896666,0.7891823557701247,0.1734705501789786
0.08227272727272728,0.039909218029836574,0.7897478797123715,0.17034290225779192
0.08277777777777778,0.04250953277625645,0.7907614208655831,0.16672904635816044
0.08328282828282829,0.04511664503321938,0.7922943112211138,0.16258904374566674
0.0837878787878788,0.04769421181108779,0.7944053737471364,0.15790041444177583
0.0842929292929293,0.050202168424528876,0.7971348400208709,0.15266299155460028
0.0847979797979798,0.05259932940019697,0.8004995660485058,0.14690110455129723
0.08530303030303031,0.05484611475087236,0.8044896799376378,0.14066420531148993
0.08580808080808082,0.056906194671055836,0.8090662680558275,0.13402753727311667
0.08631313131313131,0.05874685883629015,0.8141597153175589,0.1270934258461509
0.08681818181818182,0.06033913971816787,0.8196689354777983,0.11999192480403387
0.08732323232323233,0.06165912628063334,0.8254625698606143,0.11287830385875242
0.08782828282828284,0.06269100982065882,0.8313836166250078,0.1059253735543334
0.08833333333333335,0.06343073751557755,0.8372583177588387,0.09931094472558366
0.08883838383838386,0.06388798652945178,0.8429084723485473,0.09320354112200091
0.08934343434343435,0.06408462933388986,0.8481643836124866,0.0877509870536235
0.08984848484848486,0.06404997180167343,0.8528745677263286,0.08307546047199799
0.09035353535353535,0.06381551720725594,0.8569091625159505,0.07927532027679352
0.09085858585858586,0.06341296072720255,0.8601567996299025,0.07643023964289486
0.09136363636363637,0.06287740029780006,0.8625184388732753,0.07460416082892463
0.09186868686868688,0.0622539613659158,0.8639042856890736,0.07384175294501061
0.09237373737373739,0.06160245360047146,0.8642394512219117,0.07415809517761685
0.0928787878787879,0.060993971784936214,0.8634797627994926,0.07552626541557117
0.0933838383838384,0.06049677952051388,0.8616324536421384,0.07787076683734773
0.0938888888888889,0.060155097433967464,0.858770593029284,0.08107430953674843
0.0943939393939394,0.05997014581413434,0.8550288269173585,0.08500102726850722
0.0948989898989899,0.059894278970833936,0.8505735333668567,0.08953218766230941
0.09540404040404041,0.05984461580490461,0.8455518473119531,0.09460353688314227
0.09590909090909092,0.059733825281485846,0.8400365477015028,0.10022962701701132
0.09641414141414142,0.05950694225970063,0.8339908968648052,0.10650216087549413
0.09691919191919193,0.05916894416869016,0.827273755110363,0.11355730072094683
0.09742424242424244,0.05879076569651453,0.8196898579649531,0.12151937633853238
0.09792929292929294,0.058490279963683306,0.8110685579951556,0.13044116204116107
0.09843434343434344,0.05839533215075591,0.8013369890618748,0.14026767878736934
0.09893939393939395,0.05860323738712725,0.7905511137363429,0.15084564887652985
0.09944444444444445,0.05915211307907759,0.7788652198294114,0.161982667091511
0.09994949494949495,0.060014038448453724,0.7664517211409497,0.1735342404105965
0.10045454545454546,0.06111109900752293,0.7534134740496977,0.1854754269427793
0.10095959595959597,0.0623467230413362,0.7397418412096,0.1979114357490639
0.10146464646464648,0.06363948696333971,0.7253539991292652,0.2110065139073951
0.10196969696969699,0.06494626914826668,0.7101971367718836,0.2248565940798497
0.10247474747474748,0.0662661901172345,0.6943578004216208,0.23937600946114468
0.10297979797979799,0.0676248925456111,0.6780933590093141,0.2542817484450748
0.10348484848484849,0.06904797174498382,0.6617325097127547,0.26921951854226156
0.103989898989899,0.07053917897170864,0.6454693530936964,0.28399146793459495
0.1044949494949495,0.07207923612434282,0.6291635520046777,0.2987572118709795
0.10500000000000001,0.07365198176603172,0.6122993030732037,0.3140487151607646
