Parameter,Value
Generation,9
Best Fitness,0.7421292107705412
Genome,"[2, 2, 2, 2, 2, 0, 1, 1, 1, 1, 0, 2, 2, 2, 1, 1, 1, 1, 0, 2]"

Frequency,T,R,L
0.055,0.21744244087761963,0.39184605481779944,0.3907115043045809
0.05550505050505051,0.1948730660301787,0.40318897346880805,0.4019379605010132
0.05601010101010101,0.17700353623097415,0.41314268351145955,0.40985378025756636
0.05651515151515152,0.16321111536436148,0.4223269847288106,0.4144618999068279
0.05702020202020202,0.15280314419553942,0.43131791105616935,0.41587894474829123
0.05752525252525253,0.14509252610792495,0.44060037646866523,0.41430709742340976
0.05803030303030303,0.13943031639773518,0.4505522708245183,0.4100174127777465
0.05853535353535354,0.13523190205382074,0.4614514472744819,0.40331665067169736
0.05904040404040404,0.13200270726050375,0.473489266112202,0.39450802662729423
0.05954545454545455,0.12934949948054347,0.48677908378764284,0.38387141673181363
0.06005050505050505,0.12696979183734358,0.5013589107267663,0.3716712974358901
0.06055555555555556,0.1246291257728801,0.5171941988784954,0.3581766753486245
0.061060606060606065,0.12214283979267232,0.5341851600561678,0.34367200015115995
0.06156565656565657,0.11937012151252896,0.5521772606270483,0.3284526178604228
0.062070707070707075,0.116215088705105,0.5709704291661569,0.3128144821287381
0.06257575757575758,0.11262522269178413,0.5903248300140451,0.2970499472941708
0.06308080808080808,0.10858351599896382,0.6099657308006796,0.2814507532003565
0.06358585858585859,0.10409877279321642,0.6295920014905173,0.26630922571626625
0.06409090909090909,0.09920015224045396,0.6488902356477151,0.25190961211183094
0.0645959595959596,0.09393687470273553,0.6675520766269649,0.2385110486702996
0.0651010101010101,0.08837850086746271,0.6852902730630723,0.22633122606946499
0.06560606060606061,0.08261108286431484,0.701850811623104,0.21553810551258112
0.06611111111111112,0.07672917062891868,0.7170218312985932,0.2062489980724881
0.06661616161616161,0.07082776604223341,0.7306413689967924,0.19853086496097416
0.06712121212121212,0.06499782378443422,0.7426042186655613,0.19239795755000455
0.06762626262626263,0.0593250013379974,0.752865563616394,0.18780943504560854
0.06813131313131314,0.05388854169653961,0.7614386523841187,0.18467280591934176
0.06863636363636363,0.04875817081403776,0.7683863289125866,0.1828555002733756
0.06914141414141414,0.043990129950796666,0.7738093689861908,0.18220050106301255
0.06964646464646465,0.03962522481695394,0.7778354044019056,0.18253937078114046
0.07015151515151516,0.035690301614342376,0.7806101452511447,0.18369955313451292
0.07065656565656567,0.03220164591576153,0.7822898359327333,0.18550851815150515
0.07116161616161616,0.029167554669462997,0.7830330946463193,0.18779935068421771
0.07166666666666667,0.026588860621474544,0.7829920339270722,0.19041910545145324
0.07217171717171718,0.0244586663696588,0.7823048293470132,0.19323650428332806
0.07267676767676767,0.022763354303752346,0.7810922218662683,0.19614442382997943
0.07318181818181818,0.021485401161280733,0.7794583282425943,0.19905627059612496
0.07368686868686869,0.020606428638057315,0.7774935498478723,0.20190002151407038
0.0741919191919192,0.020108506762387613,0.7752767728400434,0.204614720397569
0.0746969696969697,0.01997337093929946,0.7728760058848029,0.20715062317589772
0.07520202020202021,0.020181144283100135,0.7703492069358272,0.20946964878107266
0.07570707070707071,0.020710366699758412,0.7677477474105822,0.2115418858896594
0.07621212121212122,0.021539449524498575,0.7651229921665065,0.21333755830899492
0.07671717171717173,0.02264789423043612,0.762533665560405,0.21481844020915886
0.07722222222222222,0.024015613847285976,0.7600507557688468,0.21593363038386715
0.07772727272727273,0.02562049323802506,0.7577586841768811,0.21662082258509385
0.07823232323232324,0.027436053185722228,0.755754532056223,0.21680941475805482
0.07873737373737374,0.029430918148140566,0.7541482559091445,0.21642082594271495
0.07924242424242425,0.03156985765952539,0.7530646910892859,0.21536545125118878
0.07974747474747476,0.03381448901119299,0.7526445488465376,0.21354096214226936
0.08025252525252526,0.03612214684336436,0.7530400430569902,0.21083781009964542
0.08075757575757576,0.03844366336975684,0.7544031576196022,0.207153179010641
0.08126262626262627,0.040722599558031966,0.7568691941774629,0.20240820626450517
0.08176767676767677,0.042897824061566364,0.7605410950862808,0.19656108085215285
0.08227272727272728,0.04490865616044616,0.7654784358335244,0.18961290800602948
0.08277777777777778,0.04669967083138579,0.7716903600839637,0.18160996908465044
0.08328282828282829,0.048222968605803454,0.7791286926240133,0.17264833877018326
0.0837878787878788,0.049438721284126526,0.7876795604808623,0.16288171823501119
0.0842929292929293,0.050317032935664016,0.7971577679313959,0.15252519913294005
0.0847979797979798,0.05084291365737868,0.807312143329377,0.14184494301324435
0.08530303030303031,0.051022134355542405,0.8178468321987893,0.13113103344566834
0.08580808080808082,0.05088287486787144,0.8284537458984437,0.12066337923368486
0.08631313131313131,0.05047006311966298,0.8388425515490678,0.1106873853312692
0.08681818181818182,0.04983551199241114,0.848755343455282,0.10140914455230687
0.08732323232323233,0.04903204039617472,0.8579652469013184,0.09300271270250693
0.08782828282828284,0.048117873704666476,0.8662731375001214,0.08560898879521217
0.08833333333333335,0.0471681721375419,0.8735209154688142,0.07931091239364396
0.08883838383838386,0.046280264448688435,0.8796261304040174,0.07409360514729424
0.08934343434343435,0.04555778954989159,0.8846185552711852,0.0698236551789233
0.08984848484848486,0.04507110609087122,0.8886437434909857,0.06628515041814309
0.09035353535353535,0.044811143385631136,0.8919088133689271,0.06328004324544179
0.09085858585858586,0.044667329657011735,0.8945813114248821,0.060751358918106235
0.09136363636363637,0.04445477777932666,0.8966909795229567,0.05885424269771655
0.09186868686868688,0.043990573964482006,0.8980961275775928,0.057913298457925144
0.09237373737373739,0.04318731143739097,0.8985453803459144,0.05826730821669468
0.0928787878787879,0.042114370105184824,0.8978067622464067,0.06007886764840853
0.0933838383838384,0.04098773164396046,0.8957890026908936,0.06322326566514602
0.0938888888888889,0.04008443774119166,0.8925816021462332,0.0673339601125752
0.0943939393939394,0.03961897460093162,0.8883949348100646,0.07198609058900374
0.0948989898989899,0.03964183641449443,0.8834524402231484,0.07690572336235713
0.09540404040404041,0.04001128395546008,0.8779191876770283,0.08206952836751169
0.09590909090909092,0.04045265737168505,0.8719151220065694,0.08763222062174558
0.09641414141414142,0.04067602142212377,0.8655812595942249,0.09374271898365127
0.09691919191919193,0.040496039782435975,0.8591091043107328,0.10039485590683117
0.09742424242424244,0.03990075388648013,0.8526652052572024,0.10743404085631747
0.09792929292929294,0.039044244769805114,0.8462399858655557,0.11471576936463912
0.09843434343434344,0.038174905240330556,0.8395471777148583,0.12227791704481117
0.09893939393939395,0.03753727072896084,0.8321027788736487,0.13035995039739046
0.09944444444444445,0.037290576623059894,0.8234894442742824,0.1392199791026577
0.09994949494949495,0.03747315120540093,0.8136421795708001,0.14888466922379895
0.10045454545454546,0.03801852548682452,0.8029198362073693,0.15906163830580622
0.10095959595959597,0.03880803908359472,0.7918505772741841,0.16934138364222118
0.10146464646464648,0.03973294433362511,0.7807009156721326,0.1795661399942423
0.10196969696969699,0.04073871647408183,0.7692140169339056,0.19004726659201265
0.10247474747474748,0.04183431084780103,0.7567915406863746,0.20137414846582447
0.10297979797979799,0.04306614921634776,0.743044428192669,0.2138894225909832
0.10348484848484849,0.04447461190430024,0.7282635065383205,0.22726188155737925
0.103989898989899,0.046060980752720165,0.7133157138016937,0.2406233054455862
0.1044949494949495,0.04778725125025952,0.6989036698065895,0.253309078943151
0.10500000000000001,0.04960977038645942,0.6847598143379334,0.26563041527560716
