Parameter,Value
Generation,6
Best Fitness,0.9663133022457808
Genome,"[2, 2, 2, 2, 2, 2, 1, 1, 0, 1, 2, 3, 0, 3, 2, 3]"

Frequency,T,R,L
0.055,0.1482375536102375,0.3231969071642464,0.5285655392255161
0.05550505050505051,0.1464962078675559,0.32289743774252494,0.5306063543899191
0.05601010101010101,0.1464854558348527,0.32385882001362737,0.5296557241515198
0.05651515151515152,0.14749782927218863,0.326278963995587,0.5262232067322243
0.05702020202020202,0.14899747458628196,0.33030839353487107,0.5206941318788469
0.05752525252525253,0.15058803581138283,0.3360582448512433,0.5133537193373738
0.05803030303030303,0.1519815831057528,0.34360489971031316,0.504413517183934
0.05853535353535354,0.1529718150786618,0.3529921629967813,0.4940360219245568
0.05904040404040404,0.15341267740119247,0.3642317215288437,0.48235560106996384
0.05954545454545455,0.15320236567262727,0.3773024322569702,0.4694952020704026
0.06005050505050505,0.15227209365881825,0.392148873290025,0.45557903305115677
0.06055555555555556,0.15057877247818693,0.4086795684504935,0.4407416590713195
0.061060606060606065,0.14810070236437473,0.4267653428146322,0.42513395482099303
0.06156565656565657,0.14483542522166054,0.4462383422495181,0.4089262325288213
0.062070707070707075,0.14079896566728473,0.46689230857005837,0.39230872576265685
0.06257575757575758,0.13602577444232727,0.48848470064416044,0.37548952491351234
0.06308080808080808,0.13056877624353252,0.5107411566071224,0.35869006714934504
0.06358585858585859,0.12449902179630037,0.5333625854259414,0.34213839277775826
0.06409090909090909,0.11790456265988844,0.5560348631995584,0.3260605741405531
0.0645959595959596,0.11088831401958696,0.5784407256660485,0.3106709603143645
0.0651010101010101,0.10356484277724312,0.6002730563182791,0.2961621009044778
0.06560606060606061,0.09605620039377717,0.6212484497075798,0.2826953498986431
0.06611111111111112,0.08848708673659021,0.6411197601913878,0.27039315307202194
0.06661616161616161,0.08097975361051221,0.6596863799805928,0.259333866408895
0.06712121212121212,0.07364911112811125,0.6768012344454367,0.24954965442645205
0.06762626262626263,0.06659847660754607,0.6923738939932489,0.24102762939920508
0.06813131313131314,0.05991631173401226,0.7063696970970406,0.2337139911689472
0.06863636363636363,0.05367415218838631,0.7188052588185729,0.22752058899304073
0.06914141414141414,0.047925776188464164,0.7297411159946637,0.2223331078168721
0.06964646464646465,0.04270751517063154,0.7392724803048818,0.21802000452448667
0.07015151515151516,0.038039503710604834,0.7475191219187292,0.21444137437066602
0.07065656565656567,0.033927607193713155,0.7546153142754048,0.21145707853088203
0.07116161616161616,0.030365753392489613,0.760700582116872,0.20893366449063844
0.07166666666666667,0.027338418301489958,0.765911763298481,0.20674981840002904
0.07217171717171718,0.02482306376612766,0.7703766657990598,0.20480027043481253
0.07267676767676767,0.022792381232704502,0.7742094057561718,0.20299821301112364
0.07318181818181818,0.02121625170297288,0.7775073653569953,0.2012763829400318
0.07368686868686869,0.020063379844385977,0.7803496129825657,0.19958700717304834
0.0741919191919192,0.01930259694509731,0.7827965755146107,0.19790082754029203
0.0746969696969697,0.01890385254766538,0.7848907335021593,0.19620541395017532
0.07520202020202021,0.01883892943886886,0.7866581127301688,0.19450295783096228
0.07570707070707071,0.01908192335211458,0.7881103610242365,0.19280771562364896
0.07621212121212122,0.01960952957591113,0.7892472198344208,0.19114325058966808
0.07671717171717173,0.02040117576583176,0.7900592219240297,0.18953960231013856
0.07722222222222222,0.021439035337395784,0.7905304672835536,0.18803049737905064
0.07772727272727273,0.022707950137945944,0.7906413487706214,0.18665070109143267
0.07823232323232324,0.02419528551254711,0.7903711174707252,0.18543359701672768
0.07873737373737374,0.02589073590886541,0.7897001962526061,0.1844090678385285
0.07924242424242425,0.02778609506388438,0.7886121692050184,0.18360173573109717
0.07974747474747476,0.029875001645501692,0.7870953949220642,0.18302960343243413
0.08025252525252526,0.032152668918667186,0.7851442127466531,0.18270311833467967
0.08075757575757576,0.034615605422975884,0.782759732375918,0.18262466220110607
0.08126262626262627,0.03726133260223112,0.7799502176100275,0.18278844978774145
0.08176767676767677,0.0400881046276406,0.7767310932752438,0.18318080209711562
0.08227272727272728,0.04309463513829295,0.773124619345294,0.1837807455164131
0.08277777777777778,0.046279835159539345,0.7691592871724803,0.18456087766798035
0.08328282828282829,0.04964256597686653,0.7648689990746141,0.1854884349485193
0.0837878787878788,0.05318141021663231,0.7602920943080098,0.18652649547535782
0.0842929292929293,0.05689446383698811,0.7554702821079438,0.1876352540550681
0.0847979797979798,0.06077915121398147,0.7504475367372648,0.1887733120487537
0.08530303030303031,0.06483206508282578,0.7452690012929118,0.18989893362426236
0.08580808080808082,0.06904883281876015,0.7399799373904911,0.19097122979074876
0.08631313131313131,0.07342401044728242,0.7346247477477585,0.19195124180495904
0.08681818181818182,0.07795100585428019,0.7292460889610618,0.19280290518465804
0.08732323232323233,0.08262203287474365,0.7238840830793256,0.1934938840459307
0.08782828282828284,0.08742809818667419,0.7185756293974391,0.19399627241588668
0.08833333333333335,0.09235902310769858,0.7133538124937137,0.19428716439858773
0.08883838383838386,0.0974035023572244,0.7082473990325604,0.1943490986102152
0.08934343434343435,0.1025492014879574,0.7032804142075969,0.19417038430444566
0.08984848484848486,0.10778289392138186,0.6984717887608266,0.19374531731779154
0.09035353535353535,0.11309063730926201,0.6938350690327628,0.19307429365797513
0.09085858585858586,0.11845798732157471,0.6893781851585785,0.19216382751984673
0.09136363636363637,0.1238702450359007,0.6851032759443465,0.19102647901975278
0.09186868686868688,0.129312732044735,0.6810065727114571,0.18968069524380782
0.09237373737373739,0.13477108542188085,0.6770783480273728,0.18815056655074636
0.0928787878787879,0.1402315630314627,0.673302938274522,0.1864654986940153
0.0933838383838384,0.14568134854115528,0.6696588509822253,0.18465980047661945
0.0938888888888889,0.15110884508051048,0.6661189683290683,0.18277218659042127
0.0943939393939394,0.15650394685020094,0.662650856853178,0.180845196296621
0.0948989898989899,0.16185827912289596,0.6592171899294728,0.17892453094763128
0.09540404040404041,0.16716539886414028,0.6557762838633534,0.17705831727250632
0.09590909090909092,0.17242095044167638,0.6522827405714877,0.1752963089868359
0.09641414141414142,0.17762277333490237,0.6486881800278412,0.17368904663725637
0.09691919191919193,0.18277096115502245,0.644942034445442,0.1722870043995356
0.09742424242424244,0.1878678734496495,0.6409923642974918,0.17113976225285865
0.09792929292929294,0.19291810360533934,0.6367866448022726,0.170295251592388
0.09843434343434344,0.19792840772406756,0.6322724617785165,0.16979913049741602
0.09893939393939395,0.20290760081509748,0.6273980495749363,0.1696943496099662
0.09944444444444445,0.20786642828164822,0.6221126032383794,0.1700209684799724
0.09994949494949495,0.21281742277667876,0.6163663048161381,0.1708162724071831
0.10045454545454546,0.21777475922911113,0.6101100226661317,0.17211521810475716
0.10095959595959597,0.22275412413922016,0.6032946761277567,0.1739511997330232
0.10146464646464648,0.22777261867209686,0.5958703090602021,0.17635707226770103
0.10196969696969699,0.2328487177331804,0.5877849871811258,0.1793662950856938
0.10247474747474748,0.23800230766144118,0.5789837270038884,0.1830139653346704
0.10297979797979799,0.2432548215090696,0.5694077771442552,0.1873374013466752
0.10348484848484849,0.24862948079208422,0.5589947005908725,0.19237581861704323
0.103989898989899,0.25415163357520365,0.5476798384528045,0.1981685279719918
0.1044949494949495,0.25984914826920424,0.5353998537446831,0.20475099798611263
0.10500000000000001,0.2657527782417441,0.5220991310751418,0.21214809068311402
