Parameter,Value
Generation,11
Best Fitness,0.84454403872138728
Genome,"[2, 2, 2, 2, 2, 0, 3, 1, 1, 1, 1, 1, 1]"

Frequency,T,R,L
0.055,0.22219386609516686,0.38055127135628614,0.39725486254854697
0.05550505050505051,0.19849478443816285,0.38855788069697816,0.412947334864859
0.05601010101010101,0.18014690654177196,0.3957144438251125,0.4241386496331155
0.05651515151515152,0.16628712352005096,0.40254932732879434,0.43116354915115473
0.05702020202020202,0.15604625261199412,0.40952984680206506,0.4344239005859408
0.05752525252525253,0.14860923027135584,0.41705482737739347,0.43433594235125067
0.05803030303030303,0.14324867169305444,0.4254514687573116,0.43129985954963396
0.05853535353535354,0.13933951155228627,0.4349749613768875,0.4256855270708262
0.05904040404040404,0.1363610805914947,0.44580981798980907,0.41782910141869617
0.05954545454545455,0.13389156613946188,0.45807218673851374,0.4080362471220244
0.06005050505050505,0.13159851339859743,0.47181264752328456,0.39658883907811804
0.06055555555555556,0.12922790171281212,0.4870192336087181,0.3837528646784697
0.061060606060606065,0.12659339661678742,0.50362067199395,0.36978593138926263
0.06156565656565657,0.12356664018798721,0.5214900707885507,0.35494328902346206
0.062070707070707075,0.12006889259685631,0.5404494588551195,0.3394816485480242
0.06257575757575758,0.1160639604481045,0.5602756635740596,0.3236603759778359
0.06308080808080808,0.11155212099232227,0.5807079691784172,0.3077399098292606
0.06358585858585859,0.10656465288566495,0.6014578213784388,0.2919775257358962
0.06409090909090909,0.10115859142072746,0.622220549152951,0.27662085942632153
0.0645959595959596,0.09541141542121029,0.6426887049525842,0.26189987962620553
0.0651010101010101,0.08941551709908419,0.6625662489619751,0.24801823393894062
0.06560606060606061,0.08327247328225833,0.6815825042532726,0.2351450224644691
0.06611111111111112,0.07708729207848306,0.6995046644983742,0.2234080434231427
0.06661616161616161,0.07096292150910155,0.7161476925463656,0.21288938594453288
0.06712121212121212,0.06499535386154535,0.7313807087458223,0.2036239373926324
0.06762626262626263,0.05926963472725591,0.7451293845599889,0.19560098071275522
0.06813131313131314,0.053856999085929294,0.7573743443881267,0.188768656525944
0.06863636363636363,0.04881323195223738,0.7681460383334296,0.18304072971433294
0.06914141414141414,0.044178217617577106,0.7775168974586494,0.1783048849237735
0.06964646464646465,0.03997652657695344,0.785591772404809,0.17443170101823757
0.07015151515151516,0.03621881113335538,0.7924976795634939,0.17128350930315073
0.07065656565656567,0.03290374616637924,0.7983737650470007,0.16872248878662
0.07116161616161616,0.03002025696412329,0.8033621946260235,0.1666175484098532
0.07166666666666667,0.02754981086429384,0.807600440600671,0.1648497485350351
0.07217171717171718,0.025468600732518807,0.8112152084178452,0.163316190849636
0.07267676767676767,0.023749504037872984,0.8143180556420624,0.1619324403200646
0.07318181818181818,0.022363752570144044,0.8170026165899699,0.16063363083988613
0.07368686868686869,0.02128228949393961,0.8193432577615645,0.1593744527444959
0.0741919191919192,0.02047682056614592,0.8213949443203679,0.15812823511348617
0.0746969696969697,0.019920585451430012,0.8231940849536015,0.15688532959496848
0.07520202020202021,0.019588885025850118,0.8247601300178252,0.15565098495632468
0.07570707070707071,0.01945940376482832,0.8260977163770805,0.15444287985809113
0.07621212121212122,0.01951236512486465,0.8271991749384269,0.15328845993670848
0.07671717171717173,0.0197305542288059,0.8280472395029644,0.1522222062682297
0.07722222222222222,0.020099237624705765,0.8286178163810739,0.15128294599422032
0.07772727272727273,0.020606005369953415,0.8288826930811356,0.15051130154891101
0.07823232323232324,0.021240556716349994,0.8288120819972059,0.14994736128644415
0.07873737373737374,0.021994447420844294,0.8283769124273066,0.14962864015184907
0.07924242424242425,0.022860814134676024,0.8275508023285668,0.14958838353675719
0.07974747474747476,0.02383408925735782,0.8263116603958119,0.1498542503468302
0.08025252525252526,0.02490971786534322,0.8246428892116238,0.150447392923033
0.08075757575757576,0.026083886643399678,0.8225341807077879,0.1513819326488124
0.08126262626262627,0.027353273025754007,0.8199819149710323,0.1526648120032137
0.08176767676767677,0.02871482093856246,0.8169891913262048,0.15429598773523268
0.08227272727272728,0.03016554764540147,0.8135655355077728,0.15626891684682576
0.08277777777777778,0.03170238431141281,0.8097263377151853,0.15857127797340187
0.08328282828282829,0.033322051128958155,0.8054920829567445,0.1611858659142974
0.0837878787878788,0.03502096630042962,0.8008874372750417,0.16409159642452864
0.0842929292929293,0.03679518694262103,0.7959402515779075,0.16726456147947144
0.0847979797979798,0.038640379113232426,0.7906805395557929,0.17067908133097476
0.08530303030303031,0.040551813669096035,0.7851394784336362,0.17430870789726782
0.08580808080808082,0.04252438450901441,0.7793484720388085,0.17812714345217706
0.08631313131313131,0.044552645858946804,0.7733383057836901,0.18210904835736308
0.08681818181818182,0.04663086553098122,0.7671384134564606,0.18623072101255822
0.08732323232323233,0.04875309143333022,0.7607762668084409,0.19047064175822892
0.08782828282828284,0.05091322894030545,0.7542768912527147,0.19480987980697984
0.08833333333333335,0.05310512698453822,0.7476625047941684,0.19923236822129342
0.08883838383838386,0.05532267087288355,0.7409522726815289,0.20372505644558758
0.08934343434343435,0.05755987984698875,0.7341621671611392,0.20827795299187202
0.08984848484848486,0.059811007331261185,0.7273049199757657,0.21288407269297305
0.09035353535353535,0.06207064167705988,0.7203900546728423,0.21753930365009777
0.09085858585858586,0.0643338050757618,0.7134239861091124,0.2222422088151258
0.09136363636363637,0.06659604822899035,0.7064101754821694,0.2269937762888402
0.09186868686868688,0.0688535383774972,0.6993493305103559,0.23179713111214695
0.09237373737373739,0.0711031384307561,0.6922396417664496,0.2366572198027943
0.0928787878787879,0.07334247521735233,0.685077047437135,0.24158047734551258
0.0933838383838384,0.07556999528194815,0.6778555197788912,0.24657448493916057
0.0938888888888889,0.07778500716106083,0.6705673671937857,0.2516476256451534
0.0943939393939394,0.07998770963931259,0.6632035461556183,0.25680874420506916
0.0948989898989899,0.08217920607761865,0.6557539772554346,0.26206681666694676
0.09540404040404041,0.08436150547369349,0.6482078595333269,0.2674306349929796
0.09590909090909092,0.08653751142728139,0.6405539771885573,0.2729085113841613
0.09641414141414142,0.08871100060689083,0.6327809928619809,0.2785080065311283
0.09691919191919193,0.09088659262383596,0.624877722077811,0.2842356852983531
0.09742424242424244,0.09306971338393821,0.6168333841529723,0.2900969024630895
0.09792929292929294,0.09526655397117943,0.6086378258792392,0.29609562014958135
0.09843434343434344,0.09748402687614348,0.6002817154295443,0.3022342576943122
0.09893939393939395,0.09972972086498436,0.5917567050746162,0.3085135740603995
0.09944444444444445,0.10201185494404483,0.5830555622772047,0.31493258277875047
0.09994949494949495,0.10433923068635721,0.5741722695353949,0.3214884997782479
0.10045454545454546,0.10672118066737593,0.5651020941050395,0.32817672522758456
0.10095959595959597,0.10916750900009807,0.5558416297988958,0.3349908612010061
0.10146464646464648,0.11168841815001634,0.5463888149505418,0.3419227668994418
0.10196969696969699,0.11429441464417187,0.5367429339395338,0.34896265141629434
0.10247474747474748,0.11699618536546659,0.5269046148346791,0.35609919979985427
0.10297979797979799,0.11980443631430059,0.516875842745428,0.36331972094027143
0.10348484848484849,0.12272968749670349,0.506660016622143,0.3706102958811536
0.103989898989899,0.12578202131401597,0.49626208466755517,0.3779558940184289
0.1044949494949495,0.12897078753767538,0.48568879704740997,0.3853404154149147
0.10500000000000001,0.1323042751251459,0.47494910954296754,0.3927466153318866

