Parameter,Value
Generation,2
Best Fitness,0.7296279474050213
Genome,"[2, 2, 2, 2, 2, 0, 1, 1, 1, 1, 1, 3, 3, 3, 3, 1, 1]"

Frequency,T,R,L
0.055,0.20672190373267074,0.40048879525428893,0.3927893010130403
0.05550505050505051,0.18460618531648898,0.4099060206838413,0.4054877939996697
0.05601010101010101,0.16728775970768398,0.4181444378127541,0.41456780247956193
0.05651515151515152,0.1541017139427873,0.42578478042572376,0.42011350563148897
0.05702020202020202,0.14428886605456587,0.4333506243189732,0.422360509626461
0.05752525252525253,0.13709896901988622,0.44129237709732005,0.42160865388279367
0.05803030303030303,0.13185513035782404,0.44997955303516673,0.41816531660700923
0.05853535353535354,0.12798350025271527,0.4596984596486746,0.4123180400986102
0.05904040404040404,0.12501741780054929,0.47065328451424376,0.4043292976852069
0.05954545454545455,0.12258656114854505,0.48296921366611995,0.394444225185335
0.06005050505050505,0.12040028029080994,0.49669670407821004,0.38290301563098
0.06055555555555556,0.11823149525382856,0.5118164252583247,0.3699520794878467
0.061060606060606065,0.11590446114959756,0.5282447029500814,0.35585083590032107
0.06156565656565657,0.11328711687065829,0.5458395434339133,0.34087333969542843
0.062070707070707075,0.11028702958605151,0.5644074803902682,0.32530549002368025
0.06257575757575758,0.10684918136896339,0.5837115546663101,0.30943926396472654
0.06308080808080808,0.10295386209914459,0.6034807003341729,0.2935654375666825
0.06358585858585859,0.09861346845532458,0.6234206669739075,0.2779658645707679
0.06409090909090909,0.09386776596628978,0.6432263723802351,0.2629058616534752
0.0645959595959596,0.08877788195752309,0.6625952860544125,0.24862683198806435
0.0651010101010101,0.08341976675295223,0.6812411457107432,0.2353390875363045
0.06560606060606061,0.07787799573670809,0.698907072330299,0.2232149319329929
0.06611111111111112,0.07224060415479928,0.7153770367682021,0.21238235907699865
0.06661616161616161,0.06659526195869787,0.7304846840355191,0.20292005400578295
0.06712121212121212,0.061026670180324705,0.744118745508076,0.1948545843115993
0.06762626262626263,0.05561474885420527,0.7562246289745674,0.1881606221712273
0.06813131313131314,0.05043308594418205,0.7668022036261013,0.18276471042971665
0.06863636363636363,0.04554723746798431,0.7759002102405781,0.17855255229143763
0.06914141414141414,0.041012741673657996,0.7836080531510241,0.1753792051753179
0.06964646464646465,0.03687302002504135,0.7900459237003685,0.17308105627459014
0.07015151515151516,0.03315757072631987,0.7953542520880408,0.17148817718563936
0.07065656565656567,0.02988094136676944,0.7996834033385388,0.17043565529469173
0.07116161616161616,0.027042878500307125,0.8031843605248955,0.16977276097479732
0.07166666666666667,0.02462983040204155,0.8060009178664523,0.16936925173150608
0.07217171717171718,0.022617696550943103,0.808263677403488,0.16911862604556882
0.07267676767676767,0.0209754544245856,0.810085935099308,0.16893861047610637
0.07318181818181818,0.019669117901353547,0.8115613732427804,0.16876950885586606
0.07368686868686869,0.018665430031907106,0.8127633535056633,0.16857121646242956
0.0741919191919192,0.017934770262957627,0.8137455290840075,0.1683197006530348
0.0746969696969697,0.01745293606848309,0.8145434605024349,0.16800360342908205
0.07520202020202021,0.017201694347755207,0.8151769208440389,0.16762138480820588
0.07570707070707071,0.017168233868558595,0.8156526041643036,0.16717916196713778
0.07621212121212122,0.017343836268717595,0.8159669970046552,0.16668916672662715
0.07671717171717173,0.017722184752262685,0.8161092286413867,0.1661685866063506
0.07722222222222222,0.018297733259991004,0.8160637729054561,0.16563849383455298
0.07772727272727273,0.01906447391285118,0.8158129260831612,0.1651226000039876
0.07823232323232324,0.020015295087241942,0.8153390262649692,0.16464567864778878
0.07873737373737374,0.02114195566454126,0.8146264065377822,0.16423163779767658
0.07924242424242425,0.022435552878698167,0.8136630871971403,0.16390135992416155
0.07974747474747476,0.02388726332566297,0.8124422127861521,0.16367052388818493
0.08025252525252526,0.025489105343020593,0.810963232316717,0.1635476623402624
0.08075757575757576,0.0272345045344911,0.8092328106135113,0.16353268485199768
0.08126262626262627,0.02911852545942578,0.8072654503765331,0.1636160241640412
0.08176767676767677,0.031137734513977635,0.8050838021456098,0.16377846334041257
0.08227272727272728,0.033289753139051415,0.8027186447672774,0.16399160209367114
0.08277777777777778,0.035572623902340485,0.8002085318232065,0.164218844274453
0.08328282828282829,0.03798413303157749,0.7975991173243332,0.16441674964408937
0.0837878787878788,0.04052121275739375,0.7949421929694988,0.16453659427310752
0.0842929292929293,0.043179497385053896,0.792294485170429,0.16452601744451711
0.0847979797979798,0.045953046647476264,0.7897162692470306,0.16433068410549312
0.08530303030303031,0.048834197397398624,0.787269858582165,0.1638959440204364
0.08580808080808082,0.05181347420044871,0.785018017982762,0.16316850781678927
0.08631313131313131,0.054879487079044414,0.7830223349893751,0.16209817793158043
0.08681818181818182,0.05801876807189932,0.781341564087199,0.16063966784090167
0.08732323232323233,0.06121553804398745,0.7800299413785017,0.15875452057751083
0.08782828282828284,0.06445143841056072,0.7791354560517703,0.15641310553766896
0.08833333333333335,0.06770529662625271,0.7786980638452633,0.153596639528484
0.08883838383838386,0.07095301065684662,0.7787478389007032,0.15029915044245024
0.08934343434343435,0.07416763302993533,0.7793030839578375,0.14652928301222712
0.08984848484848486,0.07731971201308997,0.7803684523404124,0.14231183564649763
0.09035353535353535,0.08037791280613245,0.7819331739563515,0.13768891323751598
0.09085858585858586,0.08330990395670052,0.783969515198547,0.13272058084475258
0.09136363636363637,0.08608346127788558,0.7864316319436943,0.12748490677842017
0.09186868686868688,0.08866771830096495,0.7892549887643072,0.1220772929347278
0.09237373737373739,0.09103448002763775,0.7923565102795336,0.11660900969282872
0.0928787878787879,0.09315951358732487,0.7956355989484917,0.11120488746418344
0.0933838383838384,0.09502373183259095,0.7989760974484739,0.1060001707189352
0.0938888888888889,0.09661419065985936,0.8022491966580052,0.10113661268213547
0.0943939393939394,0.097924826543362,0.8053171994347889,0.09675797402184916
0.0948989898989899,0.0989568686212312,0.8080379562222963,0.09300517515647244
0.09540404040404041,0.09971887296293323,0.8102697034301344,0.09001142360693237
0.09590909090909092,0.10022634918090895,0.8118759723531387,0.08789767846595231
0.09641414141414142,0.10050098352016039,0.8127302064742159,0.08676881000562375
0.09691919191919193,0.10056950663409743,0.8127197362206773,0.08671075714522525
0.09742424242424244,0.10046230261873618,0.8117488152456541,0.08778888213560976
0.09792929292929294,0.10021189875184608,0.8097405172625386,0.0900475839856153
0.09843434343434344,0.09985150108971297,0.8066374167989939,0.09351108211129311
0.09893939393939395,0.099413739220288,0.8024011144719182,0.09818514630779385
0.09944444444444445,0.09892974844844869,0.7970107971621436,0.10405945438940767
0.09994949494949495,0.09842865147493345,0.7904611247293726,0.11111022379569402
0.10045454545454546,0.09793741497862507,0.7827597896892836,0.11930279533209132
0.10095959595959597,0.09748096795964122,0.773925093654529,0.12859393838582978
0.10146464646464648,0.09708240130086991,0.763983823595473,0.13893377510365712
0.10196969696969699,0.09676304424181975,0.7529696032349875,0.1502673525231928
0.10247474747474748,0.09654224922795368,0.7409217623805331,0.16253598839151318
0.10297979797979799,0.09643681546491906,0.7278846395525133,0.17567854498256763
0.10348484848484849,0.09646013052992473,0.7139071420396633,0.18963272743041193
0.103989898989899,0.09662127779829008,0.6990423566918549,0.204336365509855
0.1044949494949495,0.09692449917674252,0.6833470429364603,0.21972845788679718
0.10500000000000001,0.09736946337230373,0.6668809327463491,0.23574960388134725
