Parameter,Value
Generation,5
Best Fitness,0.7972682923672362
Genome,"[2, 2, 2, 2, 0, 1, 0, 2, 2, 2, 2, 2, 2, 1, 1, 3, 1, 2, 0, 0, 2, 2, 2, 2, 2, 2, 2, 1]"

Frequency,T,R,L
0.055,0.14544998198184025,0.19077307939035526,0.6637769386278045
0.05550505050505051,0.13712759868821203,0.21731288565007925,0.6455595156617088
0.05601010101010101,0.12866771811506372,0.2512931371884006,0.6200391446965356
0.05651515151515152,0.11973277921114736,0.2900563677370825,0.5902108530517702
0.05702020202020202,0.10936276067455698,0.33234001773702115,0.5582972215884219
0.05752525252525253,0.09690325911185141,0.37768548847708727,0.5254112524110613
0.05803030303030303,0.08252085580096676,0.42575413816307944,0.49172500603595376
0.05853535353535354,0.06717911909637954,0.47584137111256236,0.4569795097910581
0.05904040404040404,0.05224364106979385,0.5267051157975156,0.4210512431326906
0.05954545454545455,0.03899501675935562,0.5766825717734887,0.38432241146715573
0.06005050505050505,0.028276957299724917,0.6239862772871063,0.3477367654131688
0.06055555555555556,0.02037644764370454,0.6670472004016642,0.3125763519546313
0.061060606060606065,0.015108290555638325,0.7047931249910451,0.2800985844533166
0.06156565656565657,0.012006988919465063,0.736794680182037,0.25119833089849797
0.062070707070707075,0.010522881727693981,0.7632606389649801,0.2262164793073259
0.06257575757575758,0.010156258776331294,0.7849055578519557,0.204938183371713
0.06308080808080808,0.01051250505945185,0.8027392459237632,0.18674824901678488
0.06358585858585859,0.011298568700643379,0.8178368157089548,0.17086461559040178
0.06409090909090909,0.012295159931752673,0.8311419550426082,0.1565628850256391
0.0645959595959596,0.013332537279248708,0.8433390101365006,0.14332845258425075
0.0651010101010101,0.0142811109412231,0.8548073495555666,0.13091153950321033
0.06560606060606061,0.015052983595494576,0.865650279988392,0.11929673641611349
0.06611111111111112,0.015604001261732397,0.8757753674057203,0.10862063133254729
0.06661616161616161,0.015928404766358272,0.8849961095903711,0.09907548564327062
0.06712121212121212,0.016045342650155656,0.8931266634869569,0.09082799386288742
0.06762626262626263,0.015982649871286534,0.9000496233007419,0.0839677268279716
0.06813131313131314,0.015764861576727348,0.9057481869765669,0.07848695144670581
0.06863636363636363,0.015409418711793948,0.9103048258410659,0.07428575544714022
0.06914141414141414,0.0149301229740521,0.9138761164644492,0.07119376056149873
0.06964646464646465,0.01434333512736134,0.9166565526677536,0.06900011220488511
0.07015151515151516,0.013671980809487753,0.9188432596699445,0.06748475952056776
0.07065656565656567,0.012944793290920421,0.9206099106776806,0.06644529603139893
0.07116161616161616,0.012191547932631077,0.922093472817827,0.06571497924954184
0.07166666666666667,0.01143732010068192,0.9233931448373074,0.06516953506201073
0.07217171717171718,0.01069897552483935,0.9245779227044022,0.06472310177075846
0.07267676767676767,0.009985459767355142,0.9256979734572892,0.06431656677535569
0.07318181818181818,0.009301195842005462,0.926795259326637,0.06390354483135752
0.07368686868686869,0.00865034648083897,0.9279101838467413,0.06343946967241976
0.0741919191919192,0.00803957560369985,0.9290828703657189,0.06287755403058126
0.0746969696969697,0.007478107777861804,0.9303495050663555,0.06217238715578266
0.07520202020202021,0.006975535690963276,0.9317355760966415,0.0612888882123952
0.07570707070707071,0.006539021191701232,0.9332485740410464,0.060212404767252314
0.07621212121212122,0.006171694633355157,0.9348727116530444,0.058955593713600374
0.07671717171717173,0.005873213048224414,0.9365675504626164,0.05755923648915917
0.07722222222222222,0.005642145903082467,0.9382712887936948,0.05608656530322276
0.07772727272727273,0.0054788525994088864,0.9399081505169916,0.05461299688359955
0.07823232323232324,0.00538731560709364,0.941398127517323,0.05321455687558341
0.07873737373737374,0.0053750501618679974,0.9426665578971942,0.051958391940937765
0.07924242424242425,0.005451325831445607,0.943650874086067,0.050897800082487454
0.07974747474747476,0.005624892614712832,0.9443024127974715,0.0500726945878156
0.08025252525252526,0.005902702412763317,0.9445823703756795,0.04951492721155715
0.08075757575757576,0.006290610097662671,0.9444525839681318,0.04925680593420556
0.08126262626262627,0.006795986642418133,0.9438634669063997,0.04934054645118224
0.08176767676767677,0.007431091805334113,0.942742710759088,0.049826197435577924
0.08227272727272728,0.008215439679403788,0.9409889019050517,0.050795658415544565
0.08277777777777778,0.009175512745923096,0.938473731339733,0.052350755914343905
0.08328282828282829,0.010340972862509436,0.9350549589917789,0.054604068145711615
0.0837878787878788,0.011737652824254256,0.930599938986394,0.057662408189351755
0.0842929292929293,0.013378675322402526,0.9250167702253869,0.06160455445221058
0.0847979797979798,0.015255716610256388,0.9182876191495651,0.06645666424017849
0.08530303030303031,0.017332580646394893,0.9104971140795486,0.07217030527405655
0.08580808080808082,0.019542923444595423,0.9018484605715702,0.0786086159838344
0.08631313131313131,0.021793300255456026,0.8926613435527063,0.08554535619183767
0.08681818181818182,0.023971824317127837,0.8833486793224161,0.09267949636045603
0.08732323232323233,0.025961704198305346,0.8743733950933104,0.0996649007083843
0.08782828282828284,0.027657840460956463,0.8661908613822559,0.1061512981567877
0.08833333333333335,0.028983656731147504,0.8591864139089478,0.11182992935990466
0.08883838383838386,0.029904679488111787,0.8536196150574376,0.11647570545445063
0.08934343434343435,0.030435406256066035,0.8495867850226289,0.11997780872130515
0.08984848484848486,0.030636991365786313,0.8470105747579263,0.12235243387628736
0.09035353535353535,0.03060525993829288,0.8456602283125932,0.12373451174911387
0.09085858585858586,0.030451174338619356,0.8451995816045503,0.12434924405683034
0.09136363636363637,0.030278381135868556,0.8452531811106128,0.12446843775351868
0.09186868686868688,0.030163930120660914,0.8454758630998319,0.12436020677950721
0.09237373737373739,0.030147904075672194,0.8456092776760171,0.12424281824831063
0.0928787878787879,0.030235280097894078,0.8455111592943318,0.12425356060777404
0.0933838383838384,0.030409380393581938,0.8451496261148936,0.12444099349152438
0.0938888888888889,0.030652020229861743,0.844564193575797,0.12478378619434127
0.0943939393939394,0.03096256131233952,0.8438051329510394,0.12523230573662103
0.0948989898989899,0.03136794240664536,0.8428702660277898,0.12576179156556488
0.09540404040404041,0.0319189181692154,0.8416604368099374,0.12642064502084716
0.09590909090909092,0.03267341757737967,0.8399701318975061,0.12735645052511424
0.09641414141414142,0.033674095986001094,0.8375185004966602,0.12880740351733866
0.09691919191919193,0.034931109221797735,0.8340112267736746,0.13105766400452767
0.09742424242424244,0.03642060267605311,0.829210126190781,0.13436927113316588
0.09792929292929294,0.038103658290805274,0.8229803356249816,0.13891600608421306
0.09843434343434344,0.03996104301299084,0.8152885386440322,0.14475041834297697
0.09893939393939395,0.04202976909810043,0.8061405398341064,0.1518296910677932
0.09944444444444445,0.04442287236317195,0.7954690701847374,0.16010805745209056
0.09994949494949495,0.047317539603830956,0.7830054836834945,0.16967697671267445
0.10045454545454546,0.05090921395426565,0.7681828385247763,0.18090794752095807
0.10095959595959597,0.055346675567476536,0.7501154278852571,0.1945378965472664
0.10146464646464648,0.060677684575218584,0.7276792750613045,0.21164304036347692
0.10196969696969699,0.06683785594455084,0.6996851526434231,0.23347699141202605
0.10247474747474748,0.07370132450822796,0.665102807184779,0.26119586830699304
0.10297979797979799,0.08118182415478781,0.6232772521224416,0.29554092372277063
0.10348484848484849,0.08933736173641667,0.5740859607508436,0.3365766775127397
0.103989898989899,0.09840802474879942,0.5180192956050488,0.3835726796461518
0.1044949494949495,0.10872271394651736,0.456211045590738,0.43506624046274467
0.10500000000000001,0.12045657341180001,0.39047590466481125,0.4890675219233887
