Parameter,Value
Generation,7
Best Fitness,0.6111430557519979
Genome,"[2, 2, 2, 2, 1, 1, 3]"

Frequency,T,R,L
0.055,0.7456878799342025,0.1229589241837672,0.13135319588203032
0.05550505050505051,0.7317552713594498,0.13270240299798444,0.13554232564256571
0.05601010101010101,0.7168484048285035,0.14439540945518742,0.13875618571630904
0.05651515151515152,0.7004204481568128,0.15814048935127875,0.14143906249190843
0.05702020202020202,0.6820816455175688,0.17387815025494155,0.14404020422748967
0.05752525252525253,0.6616479974477202,0.1914426885201554,0.14690931403212443
0.05803030303030303,0.6391404811014151,0.21060995817018432,0.1502495607284006
0.05853535353535354,0.6147526937510751,0.2311333758402516,0.1541139304086733
0.05904040404040404,0.5888032837494281,0.2527676073664474,0.15842910888412448
0.05954545454545455,0.5616857341457613,0.2752813282798402,0.16303293757439852
0.06005050505050505,0.5338236251647757,0.29846144434779165,0.1677149304874327
0.06055555555555556,0.5056354969959538,0.32211146119959644,0.17225304180444978
0.061060606060606065,0.4775103978455212,0.34604655272011997,0.17644304943435885
0.06156565656565657,0.4497932483764559,0.370087501620977,0.18011925000256707
0.062070707070707075,0.42277814072128606,0.3940552149721248,0.18316664430658913
0.06257575757575758,0.39670736956931657,0.41776703183191166,0.1855255985987717
0.06308080808080808,0.3717741118183998,0.441035570566714,0.1871903176148862
0.06358585858585859,0.34812702535083473,0.4636704154761802,0.18820255917298506
0.06409090909090909,0.32587548338245137,0.48548251776742435,0.18864199885012434
0.0645959595959596,0.30509460836949315,0.50629079842131,0.18861459320919682
0.0651010101010101,0.28582966595768927,0.5259301208397917,0.18824021320251894
0.06560606060606061,0.2680996957266649,0.5442595914298163,0.1876407128435188
0.06611111111111112,0.2519004771585786,0.5611700855083592,0.1869294373330621
0.06661616161616161,0.23720705340893602,0.5765900029438777,0.18620294364718626
0.06712121212121212,0.22397607005265208,0.5904885189674759,0.18553541097987203
0.06762626262626263,0.21214814931842296,0.6028759624058243,0.18497588827575273
0.06813131313131314,0.20165043839197236,0.6138013544017756,0.18454820720625198
0.06863636363636363,0.19239937186555026,0.6233474994207807,0.18425312871366906
0.06914141414141414,0.18430359884914943,0.6316242769628384,0.1840721241880121
0.06964646464646465,0.17726696215229856,0.6387609066124943,0.18397213123520717
0.07015151515151516,0.17119138766084518,0.6448979532744763,0.18391065906467852
0.07065656565656567,0.16597954463289966,0.6501797318067483,0.18384072356035208
0.07116161616161616,0.1615371638814588,0.6547476021330454,0.18371523398549583
0.07166666666666667,0.1577749399007066,0.6587344590583855,0.18349060104090797
0.07217171717171718,0.15460998478804633,0.6622605484193366,0.1831294667926171
0.07267676767676767,0.15196683880675985,0.6654306030022066,0.18260255819103355
0.07318181818181818,0.1497780704061227,0.6683321954338144,0.18188973416006293
0.07368686868686869,0.14798451621078468,0.6710351490435329,0.18098033474568243
0.0741919191919192,0.14653521977942074,0.6735918239555817,0.17987295626499755
0.0746969696969697,0.14538712887109376,0.676038094758336,0.1785747763705703
0.07520202020202021,0.14450460699761097,0.6783948488046065,0.17710054419778243
0.07570707070707071,0.14385880847956595,0.6806698531502022,0.17547133837023177
0.07621212121212122,0.14342695890093943,0.68285985829642,0.1737131828026406
0.07671717171717173,0.14319157603151494,0.6849528254488901,0.17185559851959487
0.07722222222222222,0.1431396606451607,0.6869301799112083,0.169930159443631
0.07772727272727273,0.14326188240105361,0.6887690066911542,0.1679691109077922
0.07823232323232324,0.1435517828990666,0.6904441162766248,0.1660041008243086
0.07873737373737374,0.1440050157597885,0.6919299198994691,0.16406506434074242
0.07924242424242425,0.1446186416066824,0.6932020653538133,0.1621792930395043
0.07974747474747476,0.1453904936622165,0.6942387970966728,0.16037070924111063
0.08025252525252526,0.1463186269577793,0.6950220179877833,0.1586593550544374
0.08075757575757576,0.14740086073573078,0.6955380442323664,0.1570610950319028
0.08126262626262627,0.148634419540372,0.6957780591517272,0.15558752130790088
0.08176767676767677,0.1500156739934789,0.6957382844330153,0.15424604157350574
0.08227272727272728,0.15153997770443647,0.6954198986244922,0.15304012367107134
0.08277777777777778,0.1532015926050469,0.6948287411397887,0.1519696662551644
0.08328282828282829,0.1549936916254626,0.6939748454851963,0.1510314628893411
0.0837878787878788,0.15690842533777322,0.6928718477229584,0.15021972693926833
0.0842929292929293,0.15893703813329668,0.6915363155361476,0.1495266463305558
0.0847979797979798,0.16107001964506684,0.68998704011943,0.14894294023550314
0.08530303030303031,0.16329727830124474,0.6882443280964622,0.14845839360229307
0.08580808080808082,0.16560832580808504,0.6863293244305544,0.14806234976136057
0.08631313131313131,0.16799246366720708,0.6842633904977904,0.1477441458350025
0.08681818181818182,0.17043896519123425,0.6820675546865573,0.14749348012220842
0.08732323232323233,0.1729372486137062,0.6797620465020789,0.14730070488421487
0.08782828282828284,0.1754770386088136,0.6773659194738676,0.14715704191731882
0.08833333333333335,0.1780485147702297,0.6748967633406444,0.14705472188912583
0.08883838383838386,0.18064244637447724,0.6723705020615817,0.1469870515639411
0.08934343434343435,0.18325031317443355,0.6698012711349274,0.1469484156906391
0.08984848484848486,0.18586441216485813,0.6672013654052623,0.14693422242987952
0.09035353535353535,0.1884779503502355,0.6645812468991643,0.14694080275060017
0.09085858585858586,0.19108512358598886,0.6619496011400752,0.146965275273936
0.09136363636363637,0.19368118153964067,0.6593134297743592,0.1470053886860001
0.09186868686868688,0.19626247863623658,0.6566781671432657,0.14705935422049776
0.09237373737373739,0.19882651037703142,0.6540478086505617,0.14712568097240686
0.0928787878787879,0.20137193353142274,0.651425039431135,0.14720302703744226
0.0933838383838384,0.20389856736716566,0.6488113529752759,0.14729007965755847
0.0938888888888889,0.20640737143121515,0.6462071510707413,0.14738547749804354
0.0943939393939394,0.2089003937635537,0.6436118187358109,0.1474877875006354
0.0948989898989899,0.21138068237830374,0.6410237707331997,0.14759554688849652
0.09540404040404041,0.2138521531059825,0.6384404696972532,0.1477073771967643
0.09590909090909092,0.21631940922756812,0.6358584196944466,0.14782217107798534
0.09641414141414142,0.21878751337428393,0.6332731428635544,0.14793934376216167
0.09691919191919193,0.22126172018075374,0.6306791502300182,0.14805912958922807
0.09742424242424244,0.2237471888379784,0.6280699203572411,0.14818289080478053
0.09792929292929294,0.22624870690633114,0.6254379006706181,0.14831339242305075
0.09843434343434344,0.22877046859358927,0.6227745456263019,0.14845498578010885
0.09893939393939395,0.23131595950929104,0.6200704031535521,0.14861363733715682
0.09944444444444445,0.23388800252425715,0.6173152560263764,0.1487967414493665
0.09994949494949495,0.2364890126254472,0.6144983184552035,0.14901266891934928
0.10045454545454546,0.23912148997957922,0.6116084810586051,0.14927002896181563
0.10095959595959597,0.24178874850620055,0.6086345906020229,0.14957666089177657
0.10146464646464648,0.2444958327713684,0.6055657456749746,0.149938421553657
0.10196969696969699,0.24725052210634382,0.6023915867415429,0.1503578911521133
0.10247474747474748,0.25006426348347366,0.599102558897991,0.15083317761853532
0.10297979797979799,0.25295282254410517,0.5956901271353587,0.15135705032053615
0.10348484848484849,0.25593640629165465,0.5921469241805081,0.15191666952783722
0.103989898989899,0.25903900389857254,0.5884668055079239,0.15249419059350355
0.1044949494949495,0.2622867268509734,0.5846447686953498,0.1530685044536768
0.10500000000000001,0.26570501847190703,0.5806766578793319,0.15361832364876116

