Parameter,Value
Generation,4
Best Fitness,0.46310549539088375
Genome,"[2, 2, 2, 1, 3, 1]"

Frequency,T,R,L
0.055,0.7526153272764503,0.09205316042421904,0.15533151229933065
0.05550505050505051,0.7454794728866077,0.10117207685470854,0.15334845025868382
0.05601010101010101,0.7377453652571637,0.11056066604223821,0.15169396870059806
0.05651515151515152,0.7294357667633486,0.12024417350345395,0.1503200597331974
0.05702020202020202,0.7205228455418184,0.130314363479595,0.14916279097858656
0.05752525252525253,0.7109412273965535,0.14089338085797282,0.14816539174547366
0.05803030303030303,0.7006043357771452,0.15210532420460635,0.14729034001824845
0.05853535353535354,0.6894202509071615,0.1640562552366359,0.14652349385620259
0.05904040404040404,0.6773050365308186,0.1768217778291519,0.14587318564002946
0.05954545454545455,0.6641928019685186,0.19044058841441464,0.14536660961706677
0.06005050505050505,0.6500426153848546,0.2049122734523311,0.14504511116281427
0.06055555555555556,0.6348428030043468,0.22019787182316372,0.14495932517248947
0.061060606060606065,0.6186132617936627,0.23622213300648467,0.1451646051998526
0.06156565656565657,0.601406301450998,0.25287683944130657,0.14571685910769538
0.062070707070707075,0.5833063265700851,0.27002492893235147,0.14666874449756345
0.06257575757575758,0.5644284587467406,0.2875053995957044,0.14806614165755494
0.06308080808080808,0.5449160414230251,0.30513908793008254,0.14994487064689238
0.06358585858585859,0.5249369024958581,0.32273538691691633,0.15232771058722555
0.06409090909090909,0.5046782831477875,0.3400998415966009,0.1552218752556116
0.0645959595959596,0.4843404661264137,0.3570423662351624,0.15861716763842393
0.0651010101010101,0.46412932277527996,0.373385623218508,0.16248505400621205
0.06560606060606061,0.4442481999230186,0.38897294558602413,0.1667788544909573
0.06611111111111112,0.42488973323937984,0.403675120408394,0.17143514635222618
0.06661616161616161,0.40622825711435917,0.41739540561700933,0.1763763372686315
0.06712121212121212,0.38841345585430037,0.43007232536061923,0.18151421878508034
0.06762626262626263,0.37156576756023885,0.44168004563533964,0.18675418680442152
0.06813131313131314,0.3557738380080763,0.45222641937399066,0.19199974261793296
0.06863636363636363,0.34109407295455535,0.46174905009096706,0.19715687695447764
0.06914141414141414,0.3275521035393615,0.4703099087038058,0.20213798775683273
0.06964646464646465,0.3151458012476865,0.47798912494381934,0.20686507380849423
0.07015151515151516,0.3038493781965324,0.48487856365255655,0.2112720581509111
0.07065656565656567,0.29361808699328906,0.4910757080961461,0.21530620491056485
0.07116161616161616,0.2843930777525666,0.4966782385370896,0.2189286837103438
0.07166666666666667,0.2761060551416462,0.5017795465869133,0.22211439827144053
0.07217171717171718,0.2686834815539371,0.506465289665152,0.2248512287809108
0.07267676767676767,0.26205017394151053,0.5108109807437479,0.2271388453147416
0.07318181818181818,0.25613222850336786,0.5148805323592844,0.22898723913734775
0.07368686868686869,0.25085927320697377,0.5187256291762232,0.230415097616803
0.0741919191919192,0.2461660923257407,0.522385784371721,0.23144812330253828
0.0746969696969697,0.24199369257262338,0.5258889343301048,0.23211737309727187
0.07520202020202021,0.23828989138633583,0.5292524364173239,0.23245767219634028
0.07570707070707071,0.23500950911251575,0.5324843501662442,0.2325061407212401
0.07621212121212122,0.23211424225434482,0.5355848990260647,0.2323008587195905
0.07671717171717173,0.2295722877086184,0.5385480255895015,0.23187968670188008
0.07722222222222222,0.22735777998318846,0.5413629669527236,0.23127925306408792
0.07772727272727273,0.22545009593305035,0.5440157885726109,0.23053411549433878
0.07823232323232324,0.22383307498787794,0.5464908251841432,0.22967609982797887
0.07873737373737374,0.22249419714821428,0.548771986731505,0.22873381612028076
0.07924242424242425,0.22142375593089747,0.5508438964766916,0.2277323475924109
0.07974747474747476,0.22061405860159342,0.5526928378685934,0.2266931035298132
0.08025252525252526,0.22005868114474977,0.5543074964651663,0.2256338223900839
0.08075757575757576,0.21975180030636,0.5556794929891862,0.22456870670445384
0.08126262626262627,0.21968761966197564,0.5568037130302614,0.22350866730776286
0.08176767676767677,0.219859901102362,0.5576784474357185,0.22246165146191954
0.08227272727272728,0.22026160757990326,0.5583053645195492,0.22143302790054753
0.08277777777777778,0.22088465765902243,0.5586893404291733,0.22042600191180428
0.08328282828282829,0.22171978760671796,0.5588381770912334,0.21944203530204864
0.0837878787878788,0.22275651265377877,0.5587622380682453,0.21848124927797596
0.0842929292929293,0.22398317580336174,0.5584740315601476,0.21754279263649068
0.0847979797979798,0.2253870702402687,0.5579877670073302,0.21662516275240107
0.08530303030303031,0.2269546200106601,0.5573189077354697,0.2157264722538702
0.08580808080808082,0.22867160314594062,0.5564837373194819,0.21484465953457754
0.08631313131313131,0.23052340169691632,0.5554989523237277,0.21397764597935598
0.08681818181818182,0.23249526409310214,0.5543812892435455,0.21312344666335237
0.08732323232323233,0.23457256669730311,0.5531471892018225,0.21228024410087443
0.08782828282828284,0.23674106323182018,0.5518125005300063,0.2114464362381735
0.08833333333333335,0.2389871127606569,0.5503922169806099,0.2106206702587332
0.08883838383838386,0.24129787898936897,0.5489002480818239,0.20980187292880714
0.08934343434343435,0.2436614956843809,0.5473492180696738,0.20898928624594526
0.08984848484848486,0.24606719494449347,0.5457502908493783,0.2081825142061282
0.09035353535353535,0.2485053968455007,0.5441130203880833,0.20738158276641605
0.09085858585858586,0.2509677606294384,0.5424452285869069,0.2065870107836547
0.09136363636363637,0.25344719915953,0.5407529156975965,0.2057998851428735
0.09186868686868688,0.2559378598626469,0.5390402113423324,0.20502192879502068
0.09237373737373739,0.25843507687802325,0.5373093767056273,0.20425554641634946
0.0928787878787879,0.2609353006327261,0.5355608699980675,0.2035038293692064
0.0933838383838384,0.26343601251389787,0.5337934873395496,0.2027705001465525
0.0938888888888889,0.265935633558161,0.5320045893033738,0.20205977713846512
0.0943939393939394,0.26843343688455334,0.5301904191136552,0.2013761440017915
0.0948989898989899,0.27092947362721503,0.528346511645207,0.20072401472757806
0.09540404040404041,0.2734245210016749,0.5264681828755942,0.20010729612273093
0.09590909090909092,0.2759200585147597,0.5245510774808912,0.1995288640043491
0.09641414141414142,0.2784182739783399,0.5225917383506093,0.1989899876710508
0.09691919191919193,0.28092209492417664,0.5205881467997098,0.1984897582761136
0.09742424242424244,0.28343523360219025,0.5185401674748158,0.19802459892299396
0.09792929292929294,0.2859622257692255,0.516449819161469,0.1975879550693055
0.09843434343434344,0.28850843619143995,0.5143212841845788,0.19717027962398126
0.09893939393939395,0.29107999885896346,0.5121605676717326,0.19675943346930402
0.09944444444444445,0.2936836592784746,0.509974726898422,0.19634161382310333
0.09994949494949495,0.2963264918244968,0.5077706138908434,0.1959028942846598
0.10045454545454546,0.2990154786160213,0.5055531150794643,0.1954314063045144
0.10095959595959597,0.3017569586111829,0.5033229332777653,0.19492010811105176
0.10146464646464648,0.30455598622991886,0.5010740415335372,0.19436997223654395
0.10196969696969699,0.30741567581482815,0.4987910450575586,0.1937932791276133
0.10247474747474748,0.31033664760538154,0.49644681228861415,0.19321654010600436
0.10297979797979799,0.31331672642968594,0.49400086963468204,0.19268240393563207
0.10348484848484849,0.316351067696592,0.49139917980379,0.19224975249961807
0.103989898989899,0.3194328864950543,0.48857601549899304,0.19199109800595265
0.1044949494949495,0.3225549337872474,0.4854586635086385,0.1919864027041141
0.10500000000000001,0.3257117883334482,0.4819756042293218,0.19231260743723005

