Parameter,Value
Generation,11
Best Fitness,0.805130174005162
Genome,"[2, 2, 2, 0, 2, 0, 0, 2, 2, 2, 2, 2, 0, 1, 1, 1, 1, 0, 0, 2, 2, 1, 0, 1, 2, 2, 2, 2, 2, 3]"

Frequency,T,R,L
0.055,0.16059368093774345,0.44039523327940966,0.39901108578284683
0.05550505050505051,0.15327719619263053,0.4553985470863322,0.3913242567210373
0.05601010101010101,0.14682842718577477,0.47236692852690315,0.38080464428732214
0.05651515151515152,0.14079034656374328,0.49152329945040435,0.3676863539858524
0.05702020202020202,0.13472733532179904,0.5130508861588375,0.3522217785193634
0.05752525252525253,0.12826121225943107,0.5370824730970641,0.33465631464350476
0.05803030303030303,0.12108566997657001,0.5636409379147211,0.31527339210870886
0.05853535353535354,0.11295980861208148,0.5925804840704589,0.29445970731745963
0.05904040404040404,0.10372368461270712,0.6235412161592715,0.2727350992280214
0.05954545454545455,0.09334682689710885,0.6559082567805885,0.25074491632230267
0.06005050505050505,0.08197790239905234,0.6887772889570599,0.22924480864388774
0.06055555555555556,0.06996673501483902,0.7209514553822914,0.2090818096028696
0.061060606060606065,0.05785110360128991,0.7510141257043285,0.19113477069438167
0.06156565656565657,0.04630016546954791,0.7775162843814234,0.17618355014902864
0.062070707070707075,0.036002387286811884,0.7992629165024497,0.16473469621073833
0.06257575757575758,0.02751410092759924,0.8156009241468618,0.156884974925539
0.06308080808080808,0.021127997887911695,0.8265741931515408,0.15229780896054756
0.06358585858585859,0.01682584055338246,0.8328691029568341,0.15030505648978343
0.06409090909090909,0.014331693116577018,0.8355865768425035,0.15008173004091951
0.0645959595959596,0.013225576084481137,0.8359531727076159,0.1508212512079029
0.0651010101010101,0.013059883060037457,0.8350776922596022,0.15186242468036038
0.06560606060606061,0.013442032802892896,0.8338054471619053,0.1527525200352018
0.06611111111111112,0.014074852968373108,0.8326745527901881,0.15325059424143883
0.06661616161616161,0.014761526597036998,0.8319528809158628,0.15328559248710016
0.06712121212121212,0.015387947457557519,0.8317182931812767,0.15289375936116578
0.06762626262626263,0.015897639690856846,0.8319393239183044,0.15216303639083872
0.06813131313131314,0.016270824124624873,0.8325302208091508,0.15119895506622427
0.06863636363636363,0.01651038675305896,0.8333833553491709,0.1501062578977702
0.06914141414141414,0.01663159927085134,0.834394548556991,0.14897385217215764
0.06964646464646465,0.016653955120915172,0.8354842631550166,0.14786178172406828
0.07015151515151516,0.01659666402195277,0.8366047215051758,0.14679861447287135
0.07065656565656567,0.016477985758559625,0.837731006109854,0.1457910081315864
0.07116161616161616,0.016315424106942342,0.8388498267947936,0.1448347490982641
0.07166666666666667,0.016124600379277484,0.8399576140081408,0.14391778561258173
0.07217171717171718,0.015918129142919984,0.8410624538140639,0.14301941704301613
0.07267676767676767,0.015706325356165448,0.8421781008888863,0.1421155737549482
0.07318181818181818,0.015498670074136191,0.8433117332287325,0.14118959669713127
0.07368686868686869,0.015303844860347065,0.8444585161995835,0.14023763894006946
0.0741919191919192,0.015128675242362876,0.8456071383983402,0.13926418635929694
0.0746969696969697,0.014978140740942274,0.8467448727076923,0.13827698655136544
0.07520202020202021,0.014856699352255802,0.8478528010670232,0.13729049958072104
0.07570707070707071,0.014768873852014681,0.8488986954975675,0.1363324306504179
0.07621212121212122,0.014718276151825227,0.8498403455852042,0.13544137826297065
0.07671717171717173,0.01470689164480807,0.8506368828560942,0.13465622549909773
0.07722222222222222,0.01473598216999402,0.8512531875776839,0.13401083025232208
0.07772727272727273,0.01480714552264685,0.8516530317708874,0.1335398227064658
0.07823232323232324,0.014921710229541914,0.8517949285834917,0.13328336118696638
0.07873737373737374,0.015079459612640535,0.8516417599123866,0.13327878047497288
0.07924242424242425,0.015278901744621293,0.8511738357702623,0.1335472624851164
0.07974747474747476,0.015518694423949193,0.8503880445311356,0.13409326104491526
0.08025252525252526,0.015797731393411934,0.8492863077290346,0.13491596087755353
0.08075757575757576,0.016113570278157636,0.8478744621104914,0.13601196761135093
0.08126262626262627,0.01646186287171398,0.8461780862063913,0.13736005092189463
0.08176767676767677,0.016837978330609862,0.8442538204123092,0.13890820125708092
0.08227272727272728,0.017238197073655183,0.8421775425242473,0.1405842604020976
0.08277777777777778,0.01765829493326959,0.8400251968571862,0.14231650820954422
0.08328282828282829,0.018091886926587784,0.8378767425829374,0.14403137049047476
0.0837878787878788,0.018531903426162868,0.8358397584436146,0.14562833813022258
0.0842929292929293,0.01897347300618329,0.8340527606965491,0.14697376629726766
0.0847979797979798,0.019413458698188692,0.8326506730382713,0.14793586826354
0.08530303030303031,0.019847132536119704,0.831734588667495,0.14841827879638536
0.08580808080808082,0.020268305300041,0.8313938792406529,0.14833781545930613
0.08631313131313131,0.02067458218854448,0.8317509221165793,0.14757449569487624
0.08681818181818182,0.021069233959553797,0.832937373809413,0.14599339223103314
0.08732323232323233,0.02145254884174848,0.8349772574463425,0.14357019371190893
0.08782828282828284,0.021811171310962565,0.8376956517454397,0.14049317694359775
0.08833333333333335,0.022122634396532923,0.8408034073914582,0.13707395821200885
0.08883838383838386,0.022376924926906717,0.844137785327233,0.13348528974586027
0.08934343434343435,0.022593258426591312,0.8478338773938856,0.12957286417952307
0.08984848484848486,0.022810711512083276,0.852222674829427,0.12496661365848971
0.09035353535353535,0.023060024647845512,0.8575223444250797,0.1194176309270748
0.09085858585858586,0.023346075361187556,0.8636203083416186,0.11303361629719377
0.09136363636363637,0.023657238091901272,0.8701554821841696,0.10618727972392916
0.09186868686868688,0.023986017498812434,0.8767860981791096,0.09922788432207796
0.09237373737373739,0.024335892998426294,0.8833423905399077,0.09232171646166598
0.0928787878787879,0.024711673553822405,0.889730859874507,0.08555746657167063
0.0933838383838384,0.025111653024520994,0.8957625750715545,0.07912577190392445
0.0938888888888889,0.025532135683253767,0.9011407840370961,0.07332708027965018
0.0943939393939394,0.025974230229441883,0.9056014137750618,0.06842435599549634
0.0948989898989899,0.026441116451970403,0.9089894453156129,0.06456943823241668
0.09540404040404041,0.026931067575096296,0.9111591429723722,0.06190978945253145
0.09590909090909092,0.027438414965586598,0.911852453920329,0.06070913111408438
0.09641414141414142,0.02796084916629582,0.910752830424697,0.06128632040900717
0.09691919191919193,0.028500656605693397,0.9076583588501395,0.0638409845441672
0.09742424242424244,0.029057892741339113,0.902531255526199,0.06841085173246197
0.09792929292929294,0.029627563362934886,0.8953524135833271,0.075020023053738
0.09843434343434344,0.030206436443620026,0.8860120259079245,0.08378153764845553
0.09893939393939395,0.030798379323816117,0.8744411856070021,0.09476043506918175
0.09944444444444445,0.03140883863278835,0.8608263179695195,0.10776484339769221
0.09994949494949495,0.03203766409984091,0.8455745541499513,0.12238778175020781
0.10045454545454546,0.03268337815317747,0.8290315645924344,0.1382850572543881
0.10095959595959597,0.03335267081776997,0.811353390119869,0.1552939390623611
0.10146464646464648,0.034058458598405617,0.7927572088135703,0.17318433258802413
0.10196969696969699,0.034808381097985924,0.7737822699136606,0.1914093489883535
0.10247474747474748,0.035603472863891074,0.7550731474280217,0.20932337970808723
0.10297979797979799,0.036451160166710496,0.7368819064575794,0.2266669333757101
0.10348484848484849,0.037370881254765176,0.7190356462517167,0.24359347249351815
0.103989898989899,0.0383804297314713,0.7015466397508319,0.26007293051769687
0.1044949494949495,0.03948498307846649,0.6849845276231542,0.2755304892983793
0.10500000000000001,0.040690414965585404,0.6698617121798534,0.2894478728545612
