Parameter,Value
Generation,5
Best Fitness,0.7896513621879611
Genome,"[2, 2, 2, 0, 2, 0, 0, 2, 2, 2, 2, 2, 0, 1, 1, 1, 0, 0, 0, 2, 0, 1, 2, 1, 1, 1, 2, 2, 2, 1]"

Frequency,T,R,L
0.055,0.15335636542798448,0.43579171809477785,0.4108519164772377
0.05550505050505051,0.14625227863890983,0.4506712217771037,0.4030764995839865
0.05601010101010101,0.13993488266647316,0.46701191154621013,0.39305320578731673
0.05651515151515152,0.1340022434133382,0.4849555543791919,0.38104220220746987
0.05702020202020202,0.12810423750042468,0.5045221700285886,0.3673735924709868
0.05752525252525253,0.12195305141862392,0.5256264481873006,0.35242050039407546
0.05803030303030303,0.11532795092450976,0.5480943019588472,0.336577747116643
0.05853535353535354,0.10807725589249813,0.571665583748696,0.3202571603588058
0.05904040404040404,0.10012328445446858,0.5959878882073038,0.30388882733822764
0.05954545454545455,0.09147146120235299,0.6206175127408968,0.28791102605675023
0.06005050505050505,0.0822183870123357,0.6450405232185532,0.27274108976911104
0.06055555555555556,0.07255141846631905,0.6687155278815063,0.2587330536521746
0.061060606060606065,0.06273516355431866,0.6911296002718699,0.2461352361738115
0.06156565656565657,0.05308513687276645,0.7118545702343914,0.23506029289284214
0.062070707070707075,0.043932498625703115,0.7305917090785757,0.22547579229572112
0.06257575757575758,0.0355855867735601,0.7471959379453798,0.2172184752810602
0.06308080808080808,0.02829464286942817,0.7616748793121743,0.21003047781839757
0.06358585858585859,0.022226063503837205,0.7741635706049653,0.20361036589119752
0.06409090909090909,0.017450981371394076,0.7848819205227794,0.1976670981058265
0.0645959595959596,0.013949515731558766,0.7940866261511875,0.1919638581172537
0.0651010101010101,0.011627670310815692,0.8020295895596404,0.18634274012954388
0.06560606060606061,0.010340788783844772,0.8089304533428714,0.1807287578732838
0.06611111111111112,0.00991727608761176,0.8149643885551517,0.17511833535723653
0.06661616161616161,0.010178553790426873,0.8202615126451878,0.16955993356438537
0.06712121212121212,0.01095400111877742,0.8249132229704902,0.1641327759107324
0.06762626262626263,0.012091218259497221,0.8289821754056752,0.15892660633482758
0.06813131313131314,0.01346212915739694,0.8325140231094559,0.15402384773314715
0.06863636363636363,0.014965226596067,0.8355489497201041,0.1494858236838289
0.06914141414141414,0.01652453766591543,0.8381303456452334,0.1453451166888512
0.06964646464646465,0.01808653060032145,0.8403084598917523,0.1416050095079262
0.07015151515151516,0.01961643457558147,0.8421390215584271,0.1382445438659914
0.07065656565656567,0.021094912162236964,0.8436792123585499,0.13522587547921316
0.07116161616161616,0.022515155456743787,0.8449840027434286,0.13250084179982768
0.07166666666666667,0.0238800421723123,0.8461042477516254,0.13001571007606227
0.07217171717171718,0.025199251748294647,0.8470856220127276,0.12771512623897774
0.07267676767676767,0.02648673372965651,0.8479665918218603,0.12554667444848322
0.07318181818181818,0.0277589995631844,0.8487748841064165,0.12346611633039906
0.07368686868686869,0.029034255130990543,0.8495239591477752,0.12144178572123421
0.0741919191919192,0.03033189275066831,0.8502117260632995,0.11945638118603219
0.0746969696969697,0.03167184657275847,0.8508223308564844,0.11750582257075715
0.07520202020202021,0.03307377672878328,0.8513295464051569,0.11559667686605979
0.07570707070707071,0.03455646688452938,0.8516992634430222,0.11374426967244844
0.07621212121212122,0.03613774184475768,0.8518898429487702,0.11197241520647205
0.07671717171717173,0.03783473568042876,0.8518515086559119,0.11031375566365942
0.07722222222222222,0.03966400336594219,0.8515272470891981,0.10880874954485964
0.07772727272727273,0.04164115340698655,0.8508565454465931,0.10750230114642034
0.07823232323232324,0.04378019052995396,0.849780724361757,0.10643908510828903
0.07873737373737374,0.046093028776097784,0.8482470643848165,0.10565990683908577
0.07924242424242425,0.04858934838506214,0.8462100171377677,0.10520063447717021
0.07974747474747476,0.05127642196361944,0.8436307052989986,0.10509287273738188
0.08025252525252526,0.054158334820970135,0.8404779599464778,0.10536370523255212
0.08075757575757576,0.05723442287480875,0.8367332213293267,0.10603235579586456
0.08126262626262627,0.0604973391955973,0.8323983348972785,0.10710432590712415
0.08176767676767677,0.06393128796008622,0.8275025898339614,0.10856612220595241
0.08227272727272728,0.06751047445855271,0.8221059780970694,0.11038354744437784
0.08277777777777778,0.07119728408188132,0.8162993219499836,0.11250339396813513
0.08328282828282829,0.07493985224697094,0.810205226558388,0.11485492119464102
0.0837878787878788,0.07866958571447209,0.8039831241140226,0.11734729017150525
0.0842929292929293,0.08230006699726104,0.7978366737099226,0.11986325929281638
0.0847979797979798,0.08572874359816018,0.7920164041908134,0.12225485221102639
0.08530303030303031,0.08884183715206377,0.7868099337827995,0.12434822906513676
0.08580808080808082,0.09152190269363053,0.7825181226374129,0.1259599746689566
0.08631313131313131,0.09365729873207003,0.7794241207210092,0.12691858054692073
0.08681818181818182,0.09515328955090198,0.7777663796120485,0.1270803308370495
0.08732323232323233,0.0959443905968732,0.7777221293230301,0.1263334800800967
0.08782828282828284,0.09600605323031557,0.7793977481704086,0.12459619859927584
0.08833333333333335,0.09536173718167526,0.7828158931637894,0.1218223696545353
0.08883838383838386,0.0940811159339994,0.7878938742001649,0.11802500986583575
0.08934343434343435,0.09226820231527402,0.794422304151918,0.11330949353280806
0.08984848484848486,0.09004341140237969,0.8020662040310179,0.10789038456660238
0.09035353535353535,0.08752726579130851,0.8104086987618329,0.1020640354468586
0.09085858585858586,0.0848321746235743,0.8190356846327174,0.09613214074370835
0.09136363636363637,0.08206269522595562,0.8276297050006168,0.0903075997734275
0.09186868686868688,0.07931832417177156,0.836024547849177,0.08465712797905145
0.09237373737373739,0.07669147065943427,0.8441856724941255,0.07912285684644027
0.0928787878787879,0.0742583612218704,0.8521226127769848,0.0736190260011449
0.0933838383838384,0.07206810928965551,0.8597833396461174,0.06814855106422701
0.0938888888888889,0.0701384728401118,0.8669957697893887,0.06286575737049949
0.0943939393939394,0.0684626348060403,0.8734931689662041,0.058044196227755585
0.0948989898989899,0.0670229615799008,0.8790038392349565,0.05397319918514265
0.09540404040404041,0.0658024126382839,0.883340103281916,0.050857484079800064
0.09590909090909092,0.06478687648103437,0.8864222490617585,0.04879087445720709
0.09641414141414142,0.06395991126513847,0.8882229133279935,0.04781717540686803
0.09691919191919193,0.06329768419224026,0.8886810235518853,0.04802129225587448
0.09742424242424244,0.06277056863047464,0.8876617003918595,0.04956773097766576
0.09792929292929294,0.06235040682898817,0.8850036510710618,0.052645942099949994
0.09843434343434344,0.06201637757196601,0.88062189215566,0.05736173027237401
0.09893939393939395,0.06175387410666819,0.874580622610462,0.0636655032828698
0.09944444444444445,0.0615483221256277,0.8670682858098869,0.07138339206448541
0.09994949494949495,0.0613815642221974,0.8582886793334399,0.08032975644436269
0.10045454545454546,0.06123597493192721,0.8483630670431808,0.09040095802489201
0.10095959595959597,0.06110295231042443,0.8373420500293951,0.1015549976601805
0.10146464646464648,0.060986808152376934,0.8253334777999204,0.11367971404770272
0.10196969696969699,0.06089900503421044,0.8126331481888531,0.12646784677693645
0.10247474747474748,0.06084792937783003,0.7997105707831991,0.13944149983897092
0.10297979797979799,0.06083520566623474,0.7870097701406156,0.15215502419314975
0.10348484848484849,0.06086366487609524,0.7747059211840152,0.16443041393988955
0.103989898989899,0.060949271838737294,0.76264937873339,0.17640134942787267
0.1044949494949495,0.061122959030992505,0.7506072748686283,0.18826976610037915
0.10500000000000001,0.06141688311867238,0.7386354955275685,0.1999476213537592
