Parameter,Value
Generation,12
Best Fitness,0.805411442840566
Genome,"[2, 2, 2, 0, 2, 0, 0, 2, 2, 2, 2, 2, 0, 1, 1, 1, 1, 0, 0, 2, 2, 1, 1, 1, 2, 2, 2, 2, 2, 3]"

Frequency,T,R,L
0.055,0.15940448039656588,0.4419003509250016,0.3986951686784326
0.05550505050505051,0.15218214373411687,0.45688369083090585,0.3909341654349773
0.05601010101010101,0.14582705512207325,0.4738238229627152,0.38034912191521153
0.05651515151515152,0.13988868035559826,0.4929462522742305,0.3671650673701712
0.05702020202020202,0.13392987539006124,0.5144129764886138,0.35165714812132487
0.05752525252525253,0.12757718541690935,0.5383323894997462,0.3340904250833445
0.05803030303030303,0.12053488853995231,0.5647164115838951,0.3147486998761526
0.05853535353535354,0.11256829316529916,0.59341672152097,0.2940149853137308
0.05904040404040404,0.10351612222448368,0.6240718268827824,0.2724120508927339
0.05954545454545455,0.09334259231962053,0.6560738265739796,0.2505835811063999
0.06005050505050505,0.08218645134346053,0.6885485020073291,0.22926504664921044
0.06055555555555556,0.07037793356362398,0.7203557654263232,0.20926630101005284
0.061060606060606065,0.05842605755638388,0.7501494944449044,0.19142444799871172
0.06156565656565657,0.046972251036066025,0.7765420901166893,0.17648565884724465
0.062070707070707075,0.03669124882583065,0.7983667294655151,0.16494202170865424
0.06257575757575758,0.028146639800611304,0.8149491694404257,0.156904190758963
0.06308080808080808,0.0216572906306635,0.8262656829609686,0.15207702640836795
0.06358585858585859,0.01724042280809723,0.8329140432764762,0.14984553391542654
0.06409090909090909,0.01465148301644202,0.8359206289168793,0.14942788806667862
0.0645959595959596,0.013486928458421843,0.8364743396035476,0.15003873193803063
0.0651010101010101,0.013298263907165457,0.835683104024168,0.1510186320686665
0.06560606060606061,0.013681059288986767,0.8344135228443081,0.15190541786670508
0.06611111111111112,0.014324182693297242,0.8332327301352455,0.15244308717145727
0.06661616161616161,0.015019866297927684,0.8324368339901065,0.15254329971196579
0.06712121212121212,0.01564694009557021,0.8321257716079942,0.15222728829643561
0.06762626262626263,0.016145460702243052,0.8322804891259727,0.15157405017178416
0.06813131313131314,0.016495645047415852,0.8328189428220525,0.15068541213053166
0.06863636363636363,0.0167028288849338,0.8336336078955165,0.14966356321954966
0.06914141414141414,0.016785227910217786,0.8346206165608758,0.14859415552890642
0.06964646464646465,0.016764566771246388,0.835700067416999,0.14753536581175464
0.07015151515151516,0.016661880376715284,0.8368210564703855,0.14651706315289925
0.07065656565656567,0.0164973317677219,0.8379542606004008,0.14554840763187726
0.07116161616161616,0.016289949767744293,0.8390843140093301,0.14462573622292552
0.07166666666666667,0.016055909952384054,0.8402083452065165,0.1437357448410994
0.07217171717171718,0.015807778833714148,0.8413345312992162,0.1428576898670697
0.07267676767676767,0.015555998820345095,0.8424741328669152,0.14196986831273972
0.07318181818181818,0.01531034201344001,0.8436317545801908,0.14105790340636915
0.07368686868686869,0.015079339366145403,0.8448029726726308,0.1401176879612238
0.0741919191919192,0.014869198173868175,0.8459785460886471,0.1391522557374847
0.0746969696969697,0.014684473021047409,0.8471455559606882,0.13816997101826445
0.07520202020202021,0.014529640330557057,0.8482820990449607,0.1371882606244823
0.07570707070707071,0.014409143239854334,0.8493539693632647,0.136236887396881
0.07621212121212122,0.014326066822980347,0.8503202474783007,0.13535368569871897
0.07671717171717173,0.01428190182815555,0.8511415239467971,0.13457657422504732
0.07722222222222222,0.014277939636846794,0.8517802666031398,0.13394179376001347
0.07772727272727273,0.014315981173336757,0.8521952702361303,0.13348874859053295
0.07823232323232324,0.014397148653258581,0.8523424540751358,0.13326039727160566
0.07873737373737374,0.014520840984315508,0.8521853436269388,0.13329381538874574
0.07924242424242425,0.01468569269584917,0.8517028819791633,0.1336114253249875
0.07974747474747476,0.014890944218394351,0.850884839698372,0.13422421608323365
0.08025252525252526,0.015135784192648785,0.849724225609868,0.13513999019748313
0.08075757575757576,0.015417655998881718,0.8482224161711597,0.13635992782995865
0.08126262626262627,0.01573248978371271,0.8464035987499093,0.137863911466378
0.08176767676767677,0.016076677746050285,0.8443180910271368,0.1396052312268129
0.08227272727272728,0.016447440499163402,0.842028138234679,0.1415244212661576
0.08277777777777778,0.01684075632410318,0.8395975532067332,0.14356169046916356
0.08328282828282829,0.017250461867394103,0.8371040543254842,0.14564548380712172
0.0837878787878788,0.017670672034754226,0.834657416351101,0.14767191161414472
0.0842929292929293,0.018097927220987846,0.8323901202265998,0.14951195255241245
0.0847979797979798,0.018529228718544736,0.8304239089941248,0.15104686228733044
0.08530303030303031,0.018959102262341897,0.8288585544927517,0.15218234324490643
0.08580808080808082,0.01938174291010733,0.8278051412768178,0.15281311581307488
0.08631313131313131,0.01979621494589162,0.8274101501889749,0.15279363486513342
0.08681818181818182,0.020204941006725794,0.8277975522029893,0.1519975067902849
0.08732323232323233,0.020603047457013225,0.828953788480946,0.15044316406204072
0.08782828282828284,0.020971764596957987,0.830692533249693,0.1483357021533489
0.08833333333333335,0.02128964266578796,0.8327974759307338,0.14591288140347825
0.08883838383838386,0.02155452547628223,0.8352480355857468,0.143197438937971
0.08934343434343435,0.021792126177123925,0.8382967441007404,0.1399111297221357
0.08984848484848486,0.022038870675645007,0.8422811218599515,0.13568000746440345
0.09035353535353535,0.02231584752116468,0.8473287166859733,0.13035543579286202
0.09085858585858586,0.022620721827813807,0.8532427510460824,0.12413652712610379
0.09136363636363637,0.022942315447323374,0.8596689739977648,0.11738871055491185
0.09186868686868688,0.02327704611025772,0.866342659201028,0.11038029468871424
0.09237373737373739,0.023629324437071778,0.8731497756112593,0.10322089995166894
0.0928787878787879,0.024001712689958744,0.8799808853623975,0.09601740194764374
0.0933838383838384,0.024391459851728556,0.8866028253086587,0.08900571483961273
0.0938888888888889,0.024796335754937244,0.8927163315322252,0.08248733271283759
0.0943939393939394,0.02521820091426009,0.8980978179961582,0.07668398108958174
0.0948989898989899,0.02565847882987886,0.9026103693018274,0.07173115186829382
0.09540404040404041,0.026113778067964687,0.9060663345096138,0.06781988742242151
0.09590909090909092,0.026579170929140177,0.9081514315526336,0.06526939751822625
0.09641414141414142,0.027053490229763787,0.9085437430218347,0.06440276674840151
0.09691919191919193,0.027537796268043993,0.9070740690162273,0.06538813471572869
0.09742424242424244,0.028029989871887862,0.9036951978972221,0.06827481223089005
0.09792929292929294,0.02852528902779901,0.8983033926736655,0.0731713182985354
0.09843434343434344,0.029022369173440192,0.8907018465644136,0.08027578426214621
0.09893939393939395,0.02952501741737903,0.8808159355207985,0.08965904706182248
0.09944444444444445,0.030036434168058044,0.8688746263907992,0.10108893944114283
0.09994949494949495,0.03055607482941734,0.8552587587402877,0.11418516643029497
0.10045454545454546,0.031085114253090892,0.8401909843377179,0.1287239014091912
0.10095959595959597,0.03163163126550593,0.8237386494927897,0.1446297192417043
0.10146464646464648,0.03220604615328427,0.8061848130730682,0.16160914077364752
0.10196969696969699,0.032813739659712064,0.7882015972869685,0.1789846630533195
0.10247474747474748,0.033457731993933,0.7704245675792745,0.19611770042679255
0.10297979797979799,0.03414778596879136,0.7529336025695684,0.21291861146164026
0.10348484848484849,0.03490005975711509,0.7354783160747006,0.22962162416818432
0.103989898989899,0.03572627221441043,0.7182816285243724,0.24599209926121723
0.1044949494949495,0.0366305829733382,0.702190245695434,0.2611791713312278
0.10500000000000001,0.03762170076380389,0.6876480497934379,0.27473024944275826
