Parameter,Value
Generation,14
Best Fitness,0.8060499379857211
Genome,"[2, 2, 2, 0, 2, 0, 0, 2, 2, 2, 2, 2, 0, 1, 1, 1, 1, 0, 0, 2, 2, 1, 1, 0, 2, 2, 2, 2, 2, 3]"

Frequency,T,R,L
0.055,0.16424997397818455,0.4389340207587795,0.39681600526303595
0.05550505050505051,0.15510590871988425,0.4552654363268255,0.38962865495329024
0.05601010101010101,0.14655936022075614,0.4741330215392137,0.3793076182400302
0.05651515151515152,0.13805044675105857,0.4961091968465485,0.36584035640239293
0.05702020202020202,0.12901708120700073,0.5215842212573821,0.34939869753561714
0.05752525252525253,0.11899561713103532,0.550704714918531,0.33029966795043364
0.05803030303030303,0.10770009570487918,0.5833638194490443,0.3089360848460766
0.05853535353535354,0.09506210620310938,0.6190643691198549,0.28587352467703575
0.05904040404040404,0.0812940127189799,0.6566663700391333,0.26203961724188685
0.05954545454545455,0.06695678749689493,0.6942729842982944,0.23877022820481064
0.06005050505050505,0.05291839366212706,0.729490476540883,0.21759112979699002
0.06055555555555556,0.04014483122720403,0.7600209548357671,0.19983421393702883
0.061060606060606065,0.029415218893189665,0.7842913403736241,0.1862934407331862
0.06156565656565657,0.021120712144321267,0.8018079581834335,0.17707132967224515
0.062070707070707075,0.015235570155703705,0.813117957056034,0.17164647278826228
0.06257575757575758,0.011430427543452637,0.8194711137114438,0.16909845874510354
0.06308080808080808,0.009237471994538934,0.8223769217788586,0.16838560622660248
0.06358585858585859,0.008190192350023204,0.8232344017850882,0.16857540586488862
0.06409090909090909,0.007902809303051993,0.8231288031158576,0.16896838758109045
0.0645959595959596,0.008091315365325829,0.8227926769039222,0.16911600773075197
0.0651010101010101,0.008559146614037541,0.8226624045574407,0.16877844882852178
0.06560606060606061,0.00917370331611958,0.822954309446169,0.16787198723771146
0.06611111111111112,0.009847901990330917,0.8237256719042618,0.16642642610540725
0.06661616161616161,0.010526797219606166,0.8249263401212182,0.16454686265917562
0.06712121212121212,0.011175873004278764,0.8264504148451868,0.16237371215053442
0.06762626262626263,0.011772266688837596,0.8281794159240194,0.16004831738714298
0.06813131313131314,0.01230131773647855,0.8300048661071072,0.1576938161564142
0.06863636363636363,0.012756188336438578,0.8318348441621837,0.15540896750137778
0.06914141414141414,0.013136272854354723,0.8335989152054847,0.15326481194016062
0.06964646464646465,0.01344415782204363,0.8352550897741866,0.15130075240376972
0.07015151515151516,0.013684168761608695,0.8367900776868737,0.14952575355151754
0.07065656565656567,0.013863084226906875,0.8382094714464563,0.14792744432663685
0.07116161616161616,0.013990228367382366,0.8395273520881285,0.14648241954448915
0.07166666666666667,0.014075628360068876,0.8407636346692355,0.14516073697069554
0.07217171717171718,0.014128444203072438,0.8419442110535081,0.1439273447434194
0.07267676767676767,0.01415746628137708,0.8430949359238747,0.14274759779474822
0.07318181818181818,0.014172087613275647,0.8442318554432209,0.14159605694350352
0.07368686868686869,0.01418161242892716,0.8453581263067429,0.14046026126432998
0.0741919191919192,0.014193809491302471,0.8464693492368177,0.13933684127187984
0.0746969696969697,0.014214984441526768,0.8475570000339961,0.13822801552447705
0.07520202020202021,0.014251296197132432,0.848603656553823,0.13714504724904464
0.07570707070707071,0.014308991043684858,0.8495780843776674,0.13611292457864776
0.07621212121212122,0.014393142918972545,0.8504402029577206,0.13516665412330686
0.07671717171717173,0.014507079583840473,0.8511514259968131,0.1343414944193464
0.07722222222222222,0.01465352090081193,0.8516772270986613,0.1336692520005267
0.07772727272727273,0.01483550267341724,0.8519806720474792,0.13318382527910355
0.07823232323232324,0.015055463713569035,0.8520206879074366,0.1329238483789944
0.07873737373737374,0.01531401110418274,0.8517627914788565,0.1329231974169608
0.07924242424242425,0.015610510328243538,0.8511904004343325,0.13319908923742396
0.07974747474747476,0.015944540763201523,0.8503022018237326,0.13375325741306587
0.08025252525252526,0.016315636937101977,0.8491019345799364,0.13458242848296154
0.08075757575757576,0.016721579405887615,0.8476002404244092,0.13567818016970323
0.08126262626262627,0.017158152840657553,0.845830780638747,0.13701106652059547
0.08176767676767677,0.017620997421063656,0.8438584871603148,0.13852051541862154
0.08227272727272728,0.01810648879121607,0.8417658608711687,0.1401276503376152
0.08277777777777778,0.018609979684582046,0.839636333488246,0.14175368682717204
0.08328282828282829,0.019124436303750034,0.837561469755116,0.14331409394113392
0.0837878787878788,0.019642449563595336,0.8356625099787627,0.14469504045764203
0.0842929292929293,0.0201589925239685,0.83408733795029,0.14575366952574154
0.0847979797979798,0.02067036191587226,0.8329735380008915,0.1463561000832363
0.08530303030303031,0.02117096603416753,0.8324234347078935,0.14640559925793895
0.08580808080808082,0.021654421780654614,0.8325306927347659,0.14581488548457955
0.08631313131313131,0.022119098728160393,0.8334179191627955,0.14446298210904407
0.08681818181818182,0.022568720189272376,0.8351984080069326,0.14223287180379507
0.08732323232323233,0.02300260875422827,0.8378566453854969,0.1391407458602748
0.08782828282828284,0.023406344112338457,0.8411776443855588,0.1354160115021028
0.08833333333333335,0.02375911495471196,0.844858970573136,0.13138191447215208
0.08883838383838386,0.024055884389404186,0.8487539210669787,0.12719019454361713
0.08934343434343435,0.024320963429522044,0.8530112775039154,0.12266775906656258
0.08984848484848486,0.024594976377637467,0.8579372771410556,0.11746774648130698
0.09035353535353535,0.02490687545807529,0.8636864574796416,0.1114066670622832
0.09085858585858586,0.025260130704211414,0.8700831024381316,0.10465676685765701
0.09136363636363637,0.025644663647663195,0.8767425220902705,0.09761281426206636
0.09186868686868688,0.026056168030318686,0.8833372593841967,0.09060657258548455
0.09237373737373739,0.02650023651267157,0.8897135479272118,0.08378621556011667
0.0928787878787879,0.026982332408009565,0.8957693919770937,0.07724827561489678
0.0933838383838384,0.02750170805356804,0.9012955224932323,0.0712027694531997
0.0938888888888889,0.02805671947667478,0.9059931330774582,0.06595014744586702
0.0943939393939394,0.02865042510253627,0.9096199535725953,0.06172962132486848
0.0948989898989899,0.029286946133502325,0.9120408693848828,0.05867218448161482
0.09540404040404041,0.029965382208591008,0.9131083754387324,0.056926242352676626
0.09590909090909092,0.030681796817779647,0.9125570279420937,0.05676117524012669
0.09641414141414142,0.031435811918633406,0.910088239244593,0.05847594883677354
0.09691919191919193,0.032230570212891614,0.9055443640341367,0.0622250657529716
0.09742424242424244,0.033066231858114,0.8989244017476421,0.06800936639424393
0.09792929292929294,0.033938490716831665,0.8902171827875797,0.0758443264955887
0.09843434343434344,0.0348453657719196,0.8793174101902617,0.08583722403781868
0.09893939393939395,0.03579116289443069,0.8661959815080366,0.0980128555975327
0.09944444444444445,0.03678074004053885,0.8511050999631765,0.1121141599962846
0.09994949494949495,0.03781396700700832,0.8344879212182048,0.12769811177478685
0.10045454545454546,0.03889096925772541,0.8166700452776523,0.1444389854646223
0.10095959595959597,0.04002050084553301,0.7977811752708155,0.16219832388365152
0.10146464646464648,0.041217106960536126,0.7780680022037457,0.18071489083571812
0.10196969696969699,0.04249110601949542,0.7581296234405522,0.1993792705399523
0.10247474747474748,0.04384912280415345,0.7386043341681405,0.21754654302770604
0.10297979797979799,0.04530640055949322,0.7196443059529147,0.23504929348759207
0.10348484848484849,0.046890628916758506,0.7009947318348138,0.2521146392484277
0.103989898989899,0.04862895943227959,0.6827157633977775,0.26865527716994286
0.1044949494949495,0.05053947261611534,0.6654797964649652,0.2839807309189194
0.10500000000000001,0.052644662813908255,0.6497571776939932,0.29759815949209856
