Parameter,Value
Generation,8
Best Fitness,0.7967148826458837
Genome,"[2, 2, 2, 0, 2, 0, 0, 2, 2, 2, 2, 2, 0, 1, 1, 1, 3, 0, 0, 2, 2, 1, 0, 1, 1, 2, 2, 2, 2, 2]"

Frequency,T,R,L
0.055,0.1161502923637895,0.5544281186732256,0.3294215889629849
0.05550505050505051,0.1012463508333855,0.5597558738375656,0.33899777532904884
0.05601010101010101,0.08738240639963611,0.5657695406849855,0.34684805291537835
0.05651515151515152,0.0746388357214337,0.5748018008493065,0.35055936342925975
0.05702020202020202,0.0631369543645761,0.5877884283286672,0.3490746173067567
0.05752525252525253,0.05297013226691699,0.6045207454636073,0.3425091222694757
0.05803030303030303,0.04416886175605785,0.6240372140535022,0.33179392419043996
0.05853535353535354,0.03669494090722244,0.6450269304903835,0.318278128602394
0.05904040404040404,0.030454762672988623,0.6661648414756902,0.30338039585132115
0.05954545454545455,0.025321124151474726,0.6863418459632193,0.28833702988530596
0.06005050505050505,0.021155175318309193,0.7047857958042442,0.2740590288774466
0.06055555555555556,0.017823400231506192,0.7210898610138629,0.26108673875463095
0.061060606060606065,0.01520764459506195,0.7351741895218414,0.2496181658830966
0.06156565656565657,0.013208525220309002,0.7472082380548117,0.23958323672487924
0.062070707070707075,0.011743900560409165,0.7575177560606025,0.23073834337898835
0.06257575757575758,0.010744559142635451,0.7664947601272483,0.22276068073011623
0.06308080808080808,0.01014913613709978,0.7745226903324046,0.2153281735304956
0.06358585858585859,0.009899759558123847,0.7819232793934588,0.20817696104841732
0.06409090909090909,0.009939281749860768,0.7889269449638098,0.20113377328632942
0.0645959595959596,0.010210335796038146,0.7956648920015056,0.19412477220245627
0.0651010101010101,0.010655977038584532,0.8021786128510624,0.18716541011035304
0.06560606060606061,0.011221378789819856,0.8084410750759699,0.18033754613421027
0.06611111111111112,0.011855953257983701,0.8143835289645329,0.17376051777748336
0.06661616161616161,0.012515331265556338,0.819922420022965,0.16756224871147862
0.06712121212121212,0.01316280120323262,0.8249821399046622,0.16185505889210516
0.06762626262626263,0.013770014435968625,0.8295109942487686,0.1567189913152628
0.06813131313131314,0.014316954305101093,0.8334894740262234,0.15219357166867553
0.06863636363636363,0.014791301449492629,0.8369313860238592,0.14827731252664822
0.06914141414141414,0.015187395656946108,0.8398794201904385,0.14493318415261536
0.06964646464646465,0.015505000880131603,0.8423972268093921,0.14209777231047627
0.07015151515151516,0.01574804508585533,0.8445600875172836,0.139691867396861
0.07065656565656567,0.01592345315403049,0.8464459192464969,0.13763062759947253
0.07116161616161616,0.016040137883349865,0.8481278122767288,0.13583204983992125
0.07166666666666667,0.016108172392726185,0.8496687249330465,0.13422310267422732
0.07217171717171718,0.016138140304132086,0.8511184504911004,0.13274340920476757
0.07267676767676767,0.01614064621152713,0.8525125994808554,0.13134675430761744
0.07318181818181818,0.016125963865184806,0.8538731213938285,0.13000091474098663
0.07368686868686869,0.016103799013293216,0.8552098108150332,0.1286863901716736
0.0741919191919192,0.016083145014000964,0.856522273771174,0.12739458121482505
0.0746969696969697,0.0160722107793742,0.8578019341321953,0.12612585508843055
0.07520202020202021,0.01607840210131681,0.8590338021340036,0.12488779576467957
0.07570707070707071,0.016108339213559166,0.860197877609112,0.12369378317732882
0.07621212121212122,0.016167895815230503,0.8612701959826788,0.12256190820209067
0.07671717171717173,0.016262247676669592,0.862223628898641,0.12151412342468937
0.07722222222222222,0.016395922028803033,0.8630286133755952,0.12057546459560176
0.07772727272727273,0.016572841751806053,0.8636539998370868,0.11977315841110714
0.07823232323232324,0.016796360588475966,0.8640681824501326,0.11913545696139138
0.07873737373737374,0.01706928714251422,0.8642406127207566,0.1186901001367292
0.07924242424242425,0.017393896497244325,0.8641437115583932,0.11846239194436248
0.07974747474747476,0.017771929290488597,0.8637551012562484,0.11847296945326302
0.08025252525252526,0.018204579366786298,0.8630599930050901,0.11873542762812361
0.08075757575757576,0.01869247285309217,0.8620535019733885,0.11925402517351935
0.08126262626262627,0.019235643522330426,0.8607426311151412,0.12002172536252842
0.08176767676767677,0.01983351120649789,0.8591476717742208,0.1210188170192813
0.08227272727272728,0.02048487126130567,0.8573028128791783,0.12221231585951597
0.08277777777777778,0.02118790321147851,0.8552558244824109,0.12355627230611055
0.08328282828282829,0.02194020552279959,0.8530667746970043,0.12499301978019606
0.0837878787878788,0.022738861104113238,0.8508058384197896,0.1264553004760971
0.0842929292929293,0.023580535101481753,0.8485503479978933,0.12786911690062497
0.0847979797979798,0.024461603433818035,0.8463813082346425,0.12915708833153938
0.08530303030303031,0.025378307920851512,0.844379642009497,0.1302420500696515
0.08580808080808082,0.02632693212662216,0.8426224435233008,0.13105062435007697
0.08631313131313131,0.027303991202784716,0.8411794933714704,0.13151651542574494
0.08681818181818182,0.028306428755990962,0.8401102371020761,0.1315833341419329
0.08732323232323233,0.029331813572762776,0.8394613541080193,0.13120683231921793
0.08782828282828284,0.03037852840859286,0.8392649569536487,0.13035651463775844
0.08833333333333335,0.03144594170090952,0.83953737468006,0.12901668361903051
0.08883838383838386,0.032534551089690875,0.8402783999915991,0.12718704891871002
0.08934343434343435,0.03364608553385202,0.8414708314001064,0.12488308306604157
0.08984848484848486,0.034783551425030416,0.8430801269198215,0.1221363216551481
0.09035353535353535,0.03595120835205199,0.8450540113172563,0.11899478033069166
0.09085858585858586,0.03715446279760863,0.847321944362621,0.11552359283977043
0.09136363636363637,0.03839967331699349,0.8497944567015989,0.11180586998140762
0.09186868686868688,0.03969386825236606,0.8523624798770967,0.10794365187053723
0.09237373737373739,0.04104438567103898,0.8548969187814806,0.10405869554748048
0.0928787878787879,0.04245845335147087,0.8572488156329868,0.10029273101554226
0.0933838383838384,0.04394273248557546,0.8592505110061541,0.09680675650827042
0.0938888888888889,0.04550285087476766,0.8607181995387311,0.09377894958650124
0.0943939393939394,0.0471429491984339,0.8614561936326548,0.09140085716891133
0.0948989898989899,0.04886525813653204,0.8612630475732702,0.0898716942901977
0.09540404040404041,0.050669716849711006,0.8599394711493729,0.08939081200091614
0.09590909090909092,0.052553637802300976,0.8572977047024561,0.09014865749524292
0.09641414141414142,0.05451142277460409,0.8531717768502688,0.09231680037512713
0.09691919191919193,0.05653434299835204,0.8474278679545783,0.09603778904706972
0.09742424242424244,0.058610413397332854,0.8399739000014865,0.10141568660118061
0.09792929292929294,0.06072441436302587,0.8307674975061784,0.10850808813079571
0.09843434343434344,0.0628581379094999,0.8198216227093351,0.11732023938116498
0.09893939393939395,0.06499094859353671,0.8072074609200052,0.12780159048645812
0.09944444444444445,0.06710074180581535,0.7930544663422415,0.1398447918519431
0.09994949494949495,0.06916534299211022,0.7775477964647584,0.15328686054313145
0.10045454545454546,0.07116431658769913,0.7609235712632676,0.16791211214903323
0.10095959595959597,0.0730810479047786,0.7434624052874991,0.1834565468077224
0.10146464646464648,0.07490484189938397,0.7254814216815683,0.19961373641904778
0.10196969696969699,0.07663267860132476,0.7073244738763655,0.21604284752230973
0.10247474747474748,0.078270212994935,0.6893496663739208,0.23238012063114422
0.10297979797979799,0.07983164425460862,0.6719126753050502,0.2482556804403412
0.10348484848484849,0.08133823105455087,0.6553441126608404,0.2633176562846088
0.103989898989899,0.08281549790192166,0.6399196053606063,0.277264896737472
0.1044949494949495,0.08428952967857832,0.6258227071711082,0.2898877631503135
0.10500000000000001,0.08578311720317744,0.6131034328530344,0.3011134499437882
