Parameter,Value
Generation,11
Best Fitness,1.1041408845463583
Genome,"[2, 2, 0, 0, 2, 2, 2, 2, 2, 0, 3, 1, 1, 1, 0, 0, 1]"

Frequency,T,R,L
0.055,0.18424604460448066,0.401038461363105,0.4147154940324143
0.05550505050505051,0.1714769651698966,0.4081668073689735,0.4203562274611299
0.05601010101010101,0.1620626252053596,0.41569466906057856,0.4222427057340618
0.05651515151515152,0.15518207886921723,0.42405173597179174,0.42076618515899106
0.05702020202020202,0.15012087429845164,0.43356556645442507,0.41631355924712327
0.05752525252525253,0.1462826340934433,0.4444719355714155,0.40924543033514116
0.05803030303030303,0.14318399651784441,0.4569270065380405,0.39988899694411506
0.05853535353535354,0.14044136116496675,0.47101844660907904,0.3885401922259542
0.05904040404040404,0.13775524087999952,0.4867739587418944,0.37547080037810604
0.05954545454545455,0.13489568317756107,0.5041667478163587,0.3609375690060802
0.06005050505050505,0.1316904213544305,0.5231182152974545,0.34519136334811495
0.06055555555555556,0.12801617747299357,0.5434987105592984,0.328485111967708
0.061060606060606065,0.12379278723665814,0.5651274911554145,0.3110797216079274
0.06156565656565657,0.11897942928986611,0.58777318338942,0.29324738732071387
0.062070707070707075,0.1135721000963838,0.611156004231508,0.2752718956721082
0.06257575757575758,0.1076014883892664,0.6349528122575142,0.25744569935321937
0.06308080808080808,0.10113051145554337,0.6588057035822508,0.24006378496220582
0.06358585858585859,0.09425094769446715,0.6823343753037204,0.2234146770018124
0.06409090909090909,0.08707881953179675,0.7051518862229965,0.20776929424520674
0.0645959595959596,0.07974843343525087,0.7268828286500232,0.19336873791472597
0.0651010101010101,0.07240524740618443,0.7471823908208475,0.18041236177296804
0.06560606060606061,0.06519797822714941,0.7657544504650874,0.16904757130776316
0.06611111111111112,0.05827054208527298,0.7823667875466457,0.15936267036808138
0.06661616161616161,0.05175450826549569,0.7968617748164188,0.1513837169180855
0.06712121212121212,0.04576271766660611,0.809161461524477,0.1450758208089169
0.06762626262626263,0.040384581187441676,0.8192667014540743,0.14034871735848398
0.06813131313131314,0.03568335716701589,0.8272507421794405,0.13706590065354363
0.06863636363636363,0.03169545808691693,0.8332483387785677,0.13505620313451538
0.06914141414141414,0.0284316040649892,0.8374418729587894,0.1341265229762214
0.06964646464646465,0.025879463973115916,0.840046102685699,0.13407443334118507
0.07015151515151516,0.02400732580978251,0.8412930585690854,0.13469961562113208
0.07065656565656567,0.022768317850644555,0.8414183098632201,0.13581337228613533
0.07116161616161616,0.022104746911413984,0.840649434090861,0.13724581899772503
0.07166666666666667,0.021952207075685945,0.8391971242087684,0.13885066871554574
0.07217171717171718,0.022243217527268905,0.8372490183334697,0.14050776413926147
0.07267676767676767,0.022910251799040254,0.8349660738510319,0.1421236743499278
0.07318181818181818,0.023888109514693414,0.8324811393332109,0.14363075115209567
0.07368686868686869,0.02511564900988518,0.8298992950244132,0.14498505596570166
0.0741919191919192,0.026536943957680102,0.8272995169288497,0.14616353911347013
0.0746969696969697,0.02810195172476248,0.8247372491539455,0.14716079912129199
0.07520202020202021,0.02976678986166914,0.8222475245286113,0.14798568560971959
0.07570707070707071,0.0314937145292027,0.8198483392730636,0.14865794619773376
0.07621212121212122,0.03325088503098657,0.817544053174886,0.1492050617941274
0.07671717171717173,0.035011985402273335,0.8153286462155779,0.14965936838214877
0.07722222222222222,0.03675575973513037,0.8131887131521823,0.15005552711268733
0.07772727272727273,0.03846550430198287,0.8111061187238701,0.15042837697414713
0.07823232323232324,0.04012854758673672,0.8090602687661096,0.15081118364715373
0.07873737373737374,0.04173573953264237,0.8070299779845688,0.15123428248278892
0.07924242424242425,0.04328096377665835,0.8049949349424345,0.1517241012809072
0.07974747474747476,0.0447606812104671,0.8029367802035232,0.15230253858600973
0.08025252525252526,0.046173509574242586,0.8008398254663549,0.1529866649594025
0.08075757575757576,0.04751984154901742,0.7986914505039432,0.15378870794703936
0.08126262626262627,0.04880150253977956,0.7964822211128465,0.15471627634737395
0.08176767676767677,0.050021448632945234,0.7942057752407521,0.1557727761263027
0.08227272727272728,0.051183504734636995,0.7918585261205732,0.15695796914478988
0.08277777777777778,0.05229214241291208,0.7894392307353315,0.15826862685175636
0.08328282828282829,0.05335229635159475,0.7869484694892898,0.15969923415911547
0.0837878787878788,0.05436921755847071,0.7843880788697261,0.16124270357180326
0.0842929292929293,0.05534836062941582,0.7817605735229919,0.16289106584759228
0.0847979797979798,0.056295301583613455,0.779068587950428,0.1646361104659586
0.08530303030303031,0.057215682202386146,0.7763143613729565,0.16646995642465734
0.08580808080808082,0.0581151765514184,0.7734992826147872,0.16838554083379442
0.08631313131313131,0.05899947551283495,0.7706235054731189,0.17037701901404623
0.08681818181818182,0.059874285692167295,0.7676856392816176,0.17244007502621517
0.08732323232323233,0.060745339907698835,0.7646825144996339,0.17457214559266732
0.08782828282828284,0.06161841746171645,0.7616090193767622,0.17677256316152135
0.08833333333333335,0.062499373342984894,0.7584580012084875,0.17904262544852756
0.08883838383838386,0.06339417622560235,0.7552202245015904,0.18138559927280717
0.08934343434343435,0.06430895545868297,0.7518843785073138,0.1838066660340032
0.08984848484848486,0.06525005710320121,0.7484371279426045,0.18631281495419427
0.09035353535353535,0.06622410847700719,0.7448632030497279,0.18891268847326492
0.09085858585858586,0.06723808972016194,0.7411455280381068,0.19161638224173116
0.09136363636363637,0.06829940977132844,0.7372653898549794,0.19443520037369222
0.09186868686868688,0.06941598307899992,0.7332026514892638,0.19738136543173634
0.09237373737373739,0.0705963025901489,0.72893601493744,0.2004676824724111
0.0928787878787879,0.0718495042548884,0.724443337946794,0.2037071577983176
0.0933838383838384,0.07318541857188446,0.7197020053141469,0.20711257611396872
0.0938888888888889,0.07461460558281455,0.7146893498305428,0.2106960445866427
0.0943939393939394,0.07614837109793404,0.7093831103794715,0.2144685185225944
0.0948989898989899,0.0777987635860636,0.7037619062186325,0.21843933019530382
0.09540404040404041,0.07957855280142635,0.6978056986136771,0.22261574858489652
0.09590909090909092,0.08150119252374563,0.691496205642044,0.2270026018342104
0.09641414141414142,0.08358077045471157,0.6848172351275714,0.231601994417717
0.09691919191919193,0.0858319481211279,0.677754906012471,0.23641314586640105
0.09742424242424244,0.08826989249799343,0.6702977409868316,0.24143236651517497
0.09792929292929294,0.0909101990823123,0.6624366326428168,0.24665316827487083
0.09843434343434344,0.09376880363108546,0.6541647100056346,0.25206648636328
0.09893939393939395,0.09686187724542618,0.6454771585074086,0.2576609642471652
0.09944444444444445,0.10020569762204466,0.6363710692018991,0.2634232331760562
0.09994949494949495,0.10381648886269473,0.6268454061351045,0.2693381050022008
0.10045454545454546,0.10771022391284614,0.6169011779933175,0.2753885980938364
0.10095959595959597,0.11190238790528219,0.6065418763674953,0.2815557357272225
0.10146464646464648,0.11640770733397524,0.5957741958204672,0.2878180968455576
0.10196969696969699,0.12123985831291303,0.5846089823476127,0.2941511593394742
0.10247474747474748,0.12641117561202908,0.5730622742619504,0.3005265501260205
0.10297979797979799,0.13193239037321153,0.561156216618103,0.30691139300868553
0.10348484848484849,0.13781242555761586,0.5489195662340334,0.31326800820835077
0.103989898989899,0.14405827144166305,0.536387481953505,0.3195542466048319
0.1044949494949495,0.15067494678697102,0.5236003366576105,0.32572471655541846
0.10500000000000001,0.15766552408842938,0.5106014106485753,0.3317330652629953
