Parameter,Value
Generation,3
Best Fitness,0.7711411273354034
Genome,"[2, 2, 2, 0, 2, 0, 0, 2, 2, 2, 2, 2, 0, 1, 1, 1, 3, 0, 0, 2, 0, 1, 0, 1, 1, 1, 2, 2]"

Frequency,T,R,L
0.055,0.16463670944691108,0.4426757647366884,0.3926875258164005
0.05550505050505051,0.15780532225676788,0.4589432071007158,0.3832514706425163
0.05601010101010101,0.151742428424883,0.47540669494578214,0.3728508766293349
0.05651515151515152,0.14594903078164198,0.49240817938597575,0.36164278983238224
0.05702020202020202,0.14003612510924449,0.5105977152423125,0.3493661596484431
0.05752525252525253,0.13370401555789777,0.5305833437813786,0.3357126406607236
0.05803030303030303,0.12672073314006901,0.5526673197376137,0.3206119471223172
0.05853535353535354,0.11891628487354512,0.5767288847275357,0.3043548303989192
0.05904040404040404,0.11019557794131637,0.6022503879410875,0.28755403411759606
0.05954545454545455,0.10056138294855212,0.6284431457944377,0.2709954712570102
0.06005050505050505,0.09013357648814346,0.6544152150123953,0.25545120849946124
0.06055555555555556,0.07915247194039852,0.6793296118759574,0.24151791618364404
0.061060606060606065,0.06796016561085332,0.7025192345786203,0.22952059981052642
0.06156565656565657,0.05696141459458121,0.7235451204506038,0.21949346495481492
0.062070707070707075,0.04657186667533142,0.7422016333627753,0.21122649996189324
0.06257575757575758,0.037164755783826886,0.7584827921493763,0.20435245206679686
0.06308080808080808,0.029026965329008562,0.7725278668572056,0.19844516781378574
0.06358585858585859,0.022332228042885743,0.7845629056375399,0.19310486631957435
0.06409090909090909,0.017134467629473266,0.794850108709507,0.18801542366101975
0.0645959595959596,0.013379437413456366,0.803651106912293,0.1829694556742506
0.0651010101010101,0.010929208860999432,0.811204988856775,0.1778658022822256
0.06560606060606061,0.009592479315601362,0.8177184262303174,0.1726890944540812
0.06611111111111112,0.009154153205652918,0.8233637887875228,0.16748205800682425
0.06661616161616161,0.009399619259577578,0.8282813920471598,0.16231898869326267
0.06712121212121212,0.010131672458137926,0.8325832637355207,0.15728506380634133
0.06762626262626263,0.011180227360297017,0.8363572547082403,0.1524625179314627
0.06813131313131314,0.01240629810241053,0.8396713582904036,0.1479223436071858
0.06863636363636363,0.013702098518883155,0.842578485862364,0.1437194156187529
0.06914141414141414,0.014988826206386122,0.8451217618051995,0.13988941198841442
0.06964646464646465,0.01621316024801598,0.8473399436966121,0.13644689605537186
0.07015151515151516,0.01734306484940462,0.8492721767345538,0.13338475841604158
0.07065656565656567,0.018363288940605918,0.8509611826791298,0.1306755283802643
0.07116161616161616,0.01927093187412,0.8524542221207417,0.12827484600513828
0.07166666666666667,0.02007146322406428,0.8538016607448922,0.12612687603104356
0.07217171717171718,0.020775519474619482,0.8550535362812741,0.12417094424410635
0.07267676767676767,0.021396623134946606,0.8562549785887021,0.12234839827635124
0.07318181818181818,0.021949742856152064,0.8574415532792712,0.12060870386457678
0.07368686868686869,0.022450437714343126,0.8586355382314352,0.11891402405422169
0.0741919191919192,0.022914279933195354,0.8598438448281547,0.11724187523864993
0.0746969696969697,0.023356335234666004,0.8610578627423381,0.11558580202299595
0.07520202020202021,0.02379063867795246,0.8622550622386546,0.11395429908339294
0.07570707070707071,0.024229745295855563,0.8634018425937852,0.1123684121103593
0.07621212121212122,0.024684486833345922,0.8644569419187795,0.11085857124787457
0.07671717171717173,0.025164011092603664,0.8653747428264945,0.1094612460809018
0.07722222222222222,0.025676061334929574,0.866107989138773,0.10821594952629743
0.07772727272727273,0.026227345507078063,0.8666097022182128,0.10716295227470918
0.07823232323232324,0.02682381441036977,0.8668343660027247,0.10634181958690558
0.07873737373737374,0.02747073402733218,0.8667386592384032,0.10579060673426466
0.07924242424242425,0.02817256385581327,0.8662821011512284,0.10554533499295837
0.07974747474747476,0.028932769111255204,0.8654279312960521,0.10563929959269269
0.08025252525252526,0.029753734171976198,0.8641443930627241,0.1061018727652997
0.08075757575757576,0.030636884546184465,0.862406389102752,0.10695672635106346
0.08126262626262627,0.031582998523708966,0.8601972919319035,0.10821970954438753
0.08176767676767677,0.0325925701025555,0.857510581066851,0.10989684883059359
0.08227272727272728,0.03366604301221967,0.8543509712344342,0.1119829857533462
0.08277777777777778,0.03480380070423256,0.8507347938823492,0.1144614054134182
0.08328282828282829,0.03600593712854146,0.8466895652654816,0.11730449760597694
0.0837878787878788,0.03727197015315957,0.8422528672268833,0.12047516261995717
0.0842929292929293,0.03860071189534507,0.8374708245132736,0.12392846359138132
0.0847979797979798,0.03999043927978504,0.8323965383986389,0.127613022321576
0.08530303030303031,0.04143934392445711,0.8270888064717916,0.13147184960375125
0.08580808080808082,0.04294607079868725,0.8216113275801986,0.1354426016211141
0.08631313131313131,0.04451008074559434,0.8160323922622387,0.13945752699216696
0.08681818181818182,0.04613165007028708,0.8104248464269068,0.1434435035028061
0.08732323232323233,0.04781152644442959,0.8048659513828008,0.14732252217276964
0.08782828282828284,0.049550491348307545,0.7994367006874837,0.15101280796420868
0.08833333333333335,0.05134920092611979,0.7942202246739417,0.15443057439993846
0.08883838383838386,0.05320859487756995,0.7892991132207394,0.15749229190169067
0.08934343434343435,0.05513088100540048,0.7847517738350328,0.16011734515956666
0.08984848484848486,0.05712073828486905,0.7806482399593736,0.16223102175575732
0.09035353535353535,0.05918611914669715,0.7770460619149504,0.16376781893835246
0.09085858585858586,0.06133803795524331,0.7739869673624873,0.16467499468226943
0.09136363636363637,0.06358906269589754,0.7714948239939509,0.16491611331015166
0.09186868686868688,0.06595077769074922,0.7695750886244381,0.16447413368481267
0.09237373737373739,0.06843102221786233,0.7682154666032998,0.1633535111788379
0.0928787878787879,0.07103196505166333,0.7673870723584213,0.1615809625899154
0.0933838383838384,0.07374987562730453,0.7670451367418527,0.1592049876308428
0.0938888888888889,0.07657682138791826,0.7671283824090565,0.15629479620302533
0.0943939393939394,0.07950369154069863,0.7675566369146893,0.15293967154461208
0.0948989898989899,0.08252327814350366,0.7682270087937485,0.1492497130627478
0.09540404040404041,0.08563196099134208,0.7690098252966977,0.14535821371196023
0.09590909090909092,0.08882897557468929,0.7697462442663833,0.14142478015892745
0.09641414141414142,0.09211315242498128,0.7702497150660177,0.137637132509001
0.09691919191919193,0.09547803229014426,0.7703130633211207,0.134208904388735
0.09742424242424244,0.09890694814088513,0.7697218697086526,0.13137118215046228
0.09792929292929294,0.10236972290197169,0.7682731830390451,0.1293570940589832
0.09843434343434344,0.1058220483959541,0.7657968419365304,0.12838110966751548
0.09893939393939395,0.10920767234120171,0.7621752977100646,0.1286170299487337
0.09944444444444445,0.11246267101780767,0.7573573476372009,0.13017998134499142
0.09994949494949495,0.11552070043493562,0.7513619498525234,0.13311734971254097
0.10045454545454546,0.11831830503693376,0.7442703368371062,0.13741135812596006
0.10095959595959597,0.12079990037493164,0.7362076265462304,0.142992473078838
0.10146464646464648,0.1229225147180445,0.7273183328534011,0.14975915242855442
0.10196969696969699,0.12466040625237175,0.7177426425565522,0.15759695119107608
0.10247474747474748,0.12600919237306307,0.7076010783841638,0.16638972924277318
0.10297979797979799,0.12698843709638694,0.6969934996437711,0.17601806325984193
0.10348484848484849,0.12764127456042218,0.6860141685734853,0.18634455686609253
0.103989898989899,0.12803004940268728,0.6747785070244945,0.19719144357281826
0.1044949494949495,0.12822817753035975,0.6634507621347003,0.2083210603349399
0.10500000000000001,0.12831000536736287,0.6522574054359949,0.2194325891966422
