Parameter,Value
Generation,6
Best Fitness,0.63726429428640907
Genome,"[2, 2, 2, 2, 1, 3, 1, 3]"

Frequency,T,R,L
0.055,0.7036230695516391,0.1389579537296959,0.15741897671866498
0.05550505050505051,0.6885022711484687,0.1499088881465524,0.16158884070497886
0.05601010101010101,0.6722797666472564,0.1629510806675193,0.1647691526852243
0.05651515151515152,0.654442932448359,0.17814231669343078,0.16741475085821017
0.05702020202020202,0.6346615884205906,0.19537418829679912,0.16996422328261027
0.05752525252525253,0.6128216258136244,0.21443396734333442,0.17274440684304115
0.05803030303030303,0.5890121772572268,0.23505624564603506,0.17593157709673818
0.05853535353535354,0.5634850226907067,0.25696090571803376,0.17955407159125958
0.05904040404040404,0.536602461174417,0.2798772976202785,0.18352024120530447
0.05954545454545455,0.5087855489907797,0.30355648460896884,0.1876579664002515
0.06005050505050505,0.48046996716349166,0.32777437376815755,0.1917556590683508
0.06055555555555556,0.4520728053007412,0.35232876591040674,0.19559842878885203
0.061060606060606065,0.423970665261062,0.3770331203348736,0.19899621440406445
0.06156565656565657,0.3964877306209059,0.40170936016784864,0.20180290921124544
0.062070707070707075,0.36989162103588763,0.42618149620215506,0.20392688276195736
0.06257575757575758,0.34439467809239743,0.4502713038962496,0.20533401801135298
0.06308080808080808,0.320158550163528,0.4737967792676887,0.20604467056878328
0.06358585858585859,0.29730035693406104,0.4965736271340573,0.20612601593188162
0.06409090909090909,0.2758991856053527,0.5184195981479265,0.20568121624672075
0.0645959595959596,0.25600212121594834,0.5391611005495001,0.2048367782345516
0.0651010101010101,0.23762940091329637,0.558641197560739,0.20372940152596453
0.06560606060606061,0.22077858600146802,0.5767279024778624,0.20249351152066952
0.06611111111111112,0.20542785810214068,0.5933216381057734,0.20125050379208587
0.06661616161616161,0.19153866725526442,0.6083608517876913,0.20010048095704436
0.06712121212121212,0.17905799871722158,0.6218250553984617,0.19911694588431672
0.06762626262626263,0.16792049800004585,0.6337349404423851,0.19834456155756908
0.06813131313131314,0.15805062303056447,0.6441496280286355,0.1977997489408
0.06863636363636363,0.14936490340775896,0.6531614750817551,0.19747362151048586
0.06914141414141414,0.1417743024883048,0.660889112122321,0.19733658538937415
0.06964646464646465,0.13518661480103966,0.6674695055360642,0.19734387966289613
0.07015151515151516,0.12950879682215044,0.6730498228743249,0.19744138030352465
0.07065656565656567,0.12464912297435518,0.677779763500035,0.19757111352560985
0.07116161616161616,0.12051907455292392,0.6818048416294665,0.1976760838176096
0.07166666666666667,0.11703489815870448,0.6852609170580827,0.19770418478321283
0.07217171717171718,0.11411880331515181,0.6882700937177444,0.19761110296710382
0.07267676767676767,0.11169979943984135,0.6909379674761915,0.19736223308396716
0.07318181818181818,0.109714196126221,0.6933521092559201,0.19693369461785892
0.07368686868686869,0.10810580622866467,0.6955816150533173,0.1963125787180181
0.0741919191919192,0.10682589891733761,0.6976775326983917,0.19549656838427065
0.0746969696969697,0.10583295120898148,0.699673976199615,0.19449307259140347
0.07520202020202021,0.10509224347460866,0.7015897528461866,0.1933180036792047
0.07570707070707071,0.10457533902753088,0.7034303484392532,0.19199431253321586
0.07621212121212122,0.10425948172413672,0.7051901370694904,0.1905503812063729
0.07671717171717173,0.10412693971705685,0.7068547010067727,0.1890183592761704
0.07722222222222222,0.10416431874977539,0.708403162584147,0.18743251866607757
0.07772727272727273,0.10436186490000625,0.7098104437303286,0.18582769136966515
0.07823232323232324,0.10471277434815066,0.7110493809736901,0.1842378446781593
0.07873737373737374,0.10521252621701731,0.7120926354156585,0.18269483836732425
0.07924242424242425,0.10585825333894522,0.7129143492768233,0.18122739738423155
0.07974747474747476,0.10664816449891398,0.7134915136718847,0.1798603218292013
0.08025252525252526,0.10758102991909338,0.7138050262972734,0.17861394378363327
0.08075757575757576,0.1086557392988957,0.7138404322878789,0.17750382841322543
0.08126262626262627,0.10987093860600868,0.7135883558527383,0.176540705541253
0.08176767676767677,0.11122474821107954,0.7130446435100021,0.1757306082789184
0.08227272727272728,0.11271456118972117,0.7122102509107683,0.1750751878995106
0.08277777777777778,0.11433691706310298,0.7110909136571401,0.17457216927975694
0.08328282828282829,0.11608744328174576,0.709696647763735,0.17421590895451922
0.0837878787878788,0.11796085466134257,0.7080411274021087,0.1739980179365488
0.0842929292929293,0.11995099990670492,0.7061409865413986,0.17390801355189656
0.0847979797979798,0.12205094430931406,0.7040150875439165,0.17393396814676942
0.08530303030303031,0.12425307853185588,0.7016837943369223,0.17406312713122185
0.08580808080808082,0.12654924484872365,0.699168281161747,0.17428247398952934
0.08631313131313131,0.12893087398905745,0.6964899007674172,0.17457922524352532
0.08681818181818182,0.13138912752459886,0.6936696288362605,0.17494124363914065
0.08732323232323233,0.13391504230773002,0.6907275948370387,0.1753573628552313
0.08782828282828284,0.13649967463376608,0.6876827036814988,0.17581762168473514
0.08833333333333335,0.13913424251850343,0.6845523476616057,0.17631340981989096
0.08883838383838386,0.14181026478725844,0.6813522042027654,0.17683753100997612
0.08934343434343435,0.14451969567612552,0.6780961119391141,0.17738419238476033
0.08984848484848486,0.14725505349172707,0.6747960154093212,0.1779489310989517
0.09035353535353535,0.15000954169036282,0.6714619671774619,0.17852849113217528
0.09085858585858586,0.15277716059709712,0.6681021753028691,0.1791206641000338
0.09136363636363637,0.15555280789117593,0.664723083740044,0.17972410836878017
0.09186868686868688,0.1583323658642299,0.6613294734028947,0.18033816073287534
0.09237373737373739,0.1611127731951947,0.6579245722695137,0.1809626545352916
0.0928787878787879,0.16389207847208148,0.6545101640559745,0.18159775747194407
0.0933838383838384,0.16666947189327908,0.6510866866814964,0.18224384142522454
0.0938888888888889,0.16944529061049401,0.6476533140047293,0.1829013953847768
0.0943939393939394,0.17222099233258156,0.644208017109211,0.18357099055820736
0.0948989898989899,0.1749990915897174,0.6407476046608211,0.18425330374946147
0.09540404040404041,0.17778305409831713,0.6372677453475933,0.18494920055408948
0.09590909090909092,0.1805771476306438,0.6337629788180079,0.18565987355134828
0.09641414141414142,0.18338625318767487,0.6302267244010217,0.18638702241130345
0.09691919191919193,0.18621564824110712,0.6266512986699835,0.18713305308890937
0.09742424242424244,0.1890707839132472,0.6230279530174476,0.1879012630693052
0.09792929292929294,0.19195708902504086,0.6193469403298766,0.1886959706450826
0.09843434343434344,0.19487984399037614,0.6155976152917833,0.18952254071784058
0.09893939393939395,0.1978441739016744,0.6117685658932059,0.19038726020511965
0.09944444444444445,0.20085520975022866,0.6078477649684068,0.1912970252813646
0.09994949494949495,0.20391845651841864,0.6038227213063435,0.19225882217523782
0.10045454545454546,0.20704038449301618,0.5996806019389057,0.19327901356807808
0.10095959595959597,0.21022922456480223,0.595408293036045,0.19436248239915277
0.10146464646464648,0.21349590052241085,0.5909923690166514,0.19551173046093773
0.10196969696969699,0.21685497502038395,0.5864189502890699,0.19672607469054615
0.10247474747474748,0.22032542746871733,0.5816734506733576,0.19800112185792507
0.10297979797979799,0.22393103081819088,0.5767402453889776,0.1993287237928315
0.10348484848484849,0.22770006169423523,0.5716023261916617,0.20069761211410297
0.103989898989899,0.2316640776221062,0.5662410452498217,0.20209487712807217
0.1044949494949495,0.2358555395087327,0.5606360736862513,0.20350838680501593
0.10500000000000001,0.24030415920501436,0.5547657014283395,0.20493013936664617

