Parameter,Value
Generation,4
Best Fitness,0.35524450829229259
Genome,"[1, 1, 1, 2]"

Frequency,T,R,L
0.055,0.7299048639627679,0.0827265124269042,0.1873686236103279
0.05550505050505051,0.7236101501062145,0.08871013872793003,0.1876797111658554
0.05601010101010101,0.7169506991001758,0.09524013418722961,0.18780916671259457
0.05651515151515152,0.7099112592549947,0.10232803217668604,0.1877607085683193
0.05702020202020202,0.7024582286093134,0.10997965541293267,0.18756211597775393
0.05752525252525253,0.694540890435333,0.11819889884448942,0.18726021072017762
0.05803030303030303,0.6860951241714113,0.1269895401701257,0.18691533565846302
0.05853535353535354,0.677048485701805,0.1363552427634697,0.18659627153472533
0.05904040404040404,0.6673258490447628,0.14629809880258957,0.18637605215264766
0.05954545454545455,0.6568551009282677,0.1568161369238398,0.18632876214789248
0.06005050505050505,0.645572618738763,0.1679002298248485,0.18652715143638846
0.06055555555555556,0.6334284106560257,0.17953081706840693,0.18704077227556734
0.061060606060606065,0.6203908508958974,0.19167483007783412,0.18793431902626848
0.06156565656565657,0.6064509190306016,0.2042831799514177,0.18926590101798074
0.062070707070707075,0.5916257788594383,0.21728914169900934,0.1910850794415523
0.06257575757575758,0.5759614439278116,0.2306079291938743,0.19343062687831414
0.06308080808080808,0.5595342093573656,0.24413768831753105,0.1963281023251033
0.06358585858585859,0.5424505152288239,0.25776202917715224,0.19978745559402383
0.06409090909090909,0.5248449679541771,0.27135406893432995,0.20380096311149293
0.0645959595959596,0.5068763898401517,0.2847817756259555,0.20834183453389277
0.0651010101010101,0.48872197991238414,0.297914216040041,0.21336380404757493
0.06560606060606061,0.4705699166032171,0.3106281533746578,0.21880193002212506
0.06611111111111112,0.4526109655260814,0.32281435051318336,0.22457468396073527
0.06661616161616161,0.43502982063574835,0.33438293942571035,0.2305872399385413
0.06712121212121212,0.4179969640433842,0.34526732331277327,0.23673571264384247
0.06762626262626263,0.4016617628433804,0.3554262682179563,0.2429119689386633
0.06813131313131314,0.38614734469285794,0.364844077308623,0.24900857799851905
0.06863636363636363,0.37154754703686077,0.37352897682654496,0.2549234761365943
0.06914141414141414,0.3579259700422539,0.3815100348154229,0.2605639951423232
0.06964646464646465,0.34531693025260096,0.38883305399257856,0.26585001575482053
0.07015151515151516,0.3337279456646409,0.39555592014045093,0.27071613419490814
0.07065656565656567,0.3231432977778803,0.4017438567233538,0.2751128454987659
0.07116161616161616,0.31352820735370746,0.4074649562574768,0.27900683638881574
0.07166666666666667,0.30483321015872605,0.41278625421846266,0.28238053562281124
0.07217171717171718,0.2969984034194207,0.41777050414666533,0.28523109243391404
0.07267676767676767,0.2899573307644143,0.42247371877039486,0.2875689504651908
0.07318181818181818,0.28364036593805236,0.4269434696089482,0.2894161644529994
0.07368686868686869,0.2779775329998995,0.43121788845133086,0.2908045785487697
0.0741919191919192,0.2729007586200253,0.43532528580148283,0.2917739555784919
0.0746969696969697,0.2683455905075872,0.4392842890999931,0.29237012039241966
0.07520202020202021,0.2642524377760174,0.4431044020463045,0.2926431601776781
0.07570707070707071,0.26056739815396995,0.44678689103993924,0.29264571080609075
0.07621212121212122,0.2572427374991238,0.4503259121796049,0.2924313503212714
0.07671717171717173,0.2542370826201037,0.45370980022915497,0.29205311715074134
0.07722222222222222,0.25151538168997417,0.456922448437562,0.29156216987246375
0.07772727272727273,0.24904867940016115,0.45994471489556255,0.2910066057042763
0.07823232323232324,0.2468137475384122,0.462755797562238,0.29043045489934977
0.07873737373737374,0.24479260634463312,0.46533452676103115,0.2898728668943358
0.07924242424242425,0.24297196783350747,0.4676605313583375,0.289367500808155
0.07974747474747476,0.24134262903298756,0.46971524332836423,0.28894212763864824
0.08025252525252526,0.23989884040947793,0.4714827150083781,0.288618444582144
0.08075757575757576,0.2386376722601374,0.4729502337855608,0.2884120939543018
0.08126262626262627,0.23755839924623826,0.47410872970570683,0.28833287104805494
0.08176767676767677,0.2366619203308683,0.4749529818810092,0.2883850977881225
0.08227272727272728,0.23595022811173458,0.4754816388975911,0.2885681329906743
0.08277777777777778,0.23542593796735492,0.47569707607018014,0.28887698596246497
0.08328282828282829,0.2350918837152043,0.47560511792455,0.2893029983602457
0.0837878787878788,0.23495078281780898,0.47521465749729674,0.28983455968489424
0.0842929292929293,0.23500497078418156,0.47453720494895935,0.29045782426685907
0.0847979797979798,0.23525620149262796,0.47358639681531073,0.29115740169206134
0.08530303030303031,0.23570550785176964,0.47237749434814513,0.2919169978000853
0.08580808080808082,0.2363531156002777,0.47092689528160514,0.29271998911811714
0.08631313131313131,0.23719840213564444,0.46925167848772187,0.29354991937663366
0.08681818181818182,0.2382398920083605,0.46736919581258224,0.2943909121790573
0.08732323232323233,0.23947528101930765,0.4652967203060026,0.2952279986746897
0.08782828282828284,0.24090148157911412,0.4630511553836879,0.2960473630371979
0.08833333333333335,0.2425146829764564,0.46064880541301,0.2968365116105336
0.08883838383838386,0.24431042130782282,0.4581052049273943,0.2975843737647828
0.08934343434343435,0.24628365491370108,0.4554350012087891,0.2982813438775098
0.08984848484848486,0.24842884214875977,0.4526518833281142,0.2989192745231261
0.09035353535353535,0.2507400191318289,0.44976854984150233,0.2994914310266687
0.09085858585858586,0.2532108757660473,0.44679670710956076,0.29999241712439195
0.09136363636363637,0.2558348288206797,0.44374709051145544,0.3004180806678648
0.09186868686868688,0.25860509128122383,0.44062950152575764,0.3007654071930185
0.09237373737373739,0.26151473756876387,0.437452854602297,0.30103240782893914
0.0928787878787879,0.26455676465309585,0.4342252288210782,0.3012180065258259
0.0933838383838384,0.267724149549938,0.43095392041772407,0.30132193003233787
0.0938888888888889,0.271009904158792,0.42764549327424534,0.30134460256696266
0.0943939393939394,0.2744071287644891,0.42430582539421813,0.30128704584129273
0.0948989898989899,0.277909065642201,0.42094015020691616,0.30115078415088287
0.09540404040404041,0.2815091539024461,0.41755309230763543,0.30093775378991844
0.09590909090909092,0.28520108584366477,0.4141486979904272,0.30065021616590804
0.09641414141414142,0.28897886357946145,0.4107304617002741,0.30029067472026444
0.09691919191919193,0.2928368526464364,0.40730135032804204,0.2998617970255215
0.09742424242424244,0.2967698269291205,0.40386382804011245,0.299366345030767
0.09792929292929294,0.3007729970096154,0.4004198849526017,0.2988071180377829
0.09843434343434344,0.3048420125790963,0.3969710732388973,0.29818691418200644
0.09893939393939395,0.3089729295526324,0.3935185539693704,0.29750851647799714
0.09944444444444445,0.31316213468171855,0.3900631568891694,0.29677470842911197
0.09994949494949495,0.31740622523558637,0.38660545327732715,0.2959883214870865
0.10045454545454546,0.32170184879267993,0.38314583895493043,0.29515231225238964
0.10095959595959597,0.3260455178478585,0.3796846205852696,0.2942698615668719
0.10146464646464648,0.3304334246019222,0.37622209403698115,0.2933444813610966
0.10196969696969699,0.33486129105667617,0.3727585994310923,0.29238010951223153
0.10247474747474748,0.33932429591086805,0.3692945344412301,0.2913811696479019
0.10297979797979799,0.3438171199964402,0.36583030645547454,0.2903525735480853
0.10348484848484849,0.34833414355600284,0.3623662062442794,0.2892996501997178
0.103989898989899,0.3528698097829706,0.358902191385194,0.2882279988318354
0.1044949494949495,0.35741913935693503,0.35543757676631293,0.28714328387675203
0.10500000000000001,0.3619783417317932,0.35197064079410784,0.28605101747409895

