Parameter,Value
Generation,8
Best Fitness,0.86917763603456732
Genome,"[2, 2, 2, 2, 2, 0, 1, 1, 1, 1, 1, 1, 1, 3]"

Frequency,T,R,L
0.055,0.22551863406131545,0.39396122063602473,0.3805201453026598
0.05550505050505051,0.2003113352693986,0.4033719044451536,0.3963167602854478
0.05601010101010101,0.18054814517154766,0.41142236868616433,0.40802948614228807
0.05651515151515152,0.16552198252628283,0.41880333900908295,0.41567467846463424
0.05702020202020202,0.1543783431067714,0.4261240873289828,0.41949756956424583
0.05752525252525253,0.14623580116076546,0.4338825046947695,0.4198816941444651
0.05803030303030303,0.14029279197327324,0.44246330121412925,0.4172439068125975
0.05853535353535354,0.13588842590153336,0.45214975592004436,0.41196181817842226
0.05904040404040404,0.1325072669338767,0.46313704693257257,0.4043556861335507
0.05954545454545455,0.12974708903292687,0.4755417825399559,0.39471112842711725
0.06005050505050505,0.12728158266760944,0.48940817088158045,0.3833102464508101
0.06055555555555556,0.12484079209338429,0.5047135662161183,0.37044564169049743
0.061060606060606065,0.12221162440302927,0.521375138953679,0.3564132366432917
0.06156565656565657,0.11924521536786122,0.5392572857991965,0.3414974988329422
0.062070707070707075,0.11585640804606506,0.5581783122942554,0.3259652796596795
0.06257575757575758,0.11201064508780674,0.577915685070464,0.31007366984172924
0.06308080808080808,0.10770526918492557,0.5982109523223199,0.29408377849275447
0.06358585858585859,0.10295644261250142,0.618776691070787,0.2782668663167116
0.06409090909090909,0.09779753831450531,0.639307444213953,0.26289501747154165
0.0645959595959596,0.09228525977956138,0.6594946872727351,0.24822005294770355
0.0651010101010101,0.08650383382843968,0.6790436530739609,0.2344525130975995
0.06560606060606061,0.0805597504111296,0.6976887933240469,0.2217514562648235
0.06611111111111112,0.07456754403319224,0.7152054079838628,0.210227047982945
0.06661616161616161,0.06863445391132196,0.7314169173421103,0.1999486287465677
0.06712121212121212,0.06285273844319626,0.7461989827909015,0.19094827876590226
0.06762626262626263,0.05730239059789803,0.7594820131013116,0.18321559630079043
0.06813131313131314,0.052058809665722905,0.7712524006460811,0.176688789688196
0.06863636363636363,0.04719597529412963,0.7815511370552818,0.17125288765058855
0.06914141414141414,0.04277894099872485,0.7904676900813357,0.16675336891993953
0.06964646464646465,0.03884771234297653,0.79812800647457,0.16302428118245338
0.07015151515151516,0.03540194154273961,0.8046778665978228,0.15992019185943762
0.07065656565656567,0.03239718308940002,0.8102652056654712,0.1573376112451288
0.07116161616161616,0.02975771719759149,0.8150259602907186,0.15521632251168993
0.07166666666666667,0.027401782764429054,0.8190768141511361,0.15352140308443485
0.07217171717171718,0.025268116982572912,0.8225154189537055,0.15221646406372158
0.07267676767676767,0.02333199603357761,0.8254256618937215,0.15124234207270093
0.07318181818181818,0.021604601611250482,0.8278838318056156,0.15051156658313392
0.07368686868686869,0.020117960396019798,0.8299618774495909,0.1499201621543893
0.0741919191919192,0.018904151829157254,0.8317260393251088,0.14936980884573392
0.0746969696969697,0.017978797789287022,0.8332318034737882,0.14878939873692476
0.07520202020202021,0.017335053699063324,0.8345180134054687,0.148146932895468
0.07570707070707071,0.016948168045000735,0.835603243386666,0.1474485885683332
0.07621212121212122,0.016785743222066385,0.8364862389977367,0.14672801778019695
0.07671717171717173,0.01681742284944457,0.8371502047295977,0.1460323724209578
0.07722222222222222,0.01701983191438139,0.8375690685942336,0.14541109949138498
0.07772727272727273,0.01737628890975332,0.8377133551260784,0.14491035596416835
0.07823232323232324,0.017873706862466383,0.837554030134655,0.14457226300287862
0.07873737373737374,0.018499793392926185,0.8370640685514271,0.1444361380556467
0.07924242424242425,0.019242330530504313,0.8362186993292305,0.14453897014026518
0.07974747474747476,0.020090295602874616,0.8349956797371971,0.1449140246599283
0.08025252525252526,0.021035311704630643,0.8333764619643297,0.14558822633103963
0.08075757575757576,0.02207202291841774,0.8313481692647463,0.146579807816836
0.08126262626262627,0.02319707462791524,0.8289055346809832,0.14789739069110164
0.08176767676767677,0.02440747995673267,0.8260518227111291,0.14954069733213826
0.08227272727272728,0.025699492031394957,0.8227982714571968,0.15150223651140826
0.08277777777777778,0.027068574511965298,0.8191623800449962,0.1537690454430385
0.08328282828282829,0.028510190015352335,0.8151659122457213,0.1563238977389263
0.0837878787878788,0.030020587038926856,0.8108334716571612,0.1591459413039119
0.0842929292929293,0.03159689940954071,0.8061919777364367,0.16221112285402262
0.0847979797979798,0.03323648868481604,0.8012707009235004,0.16549281039168362
0.08530303030303031,0.03493605001669038,0.7961011335658701,0.1689628164174395
0.08580808080808082,0.03669114051981903,0.7907161114835444,0.1725927479966366
0.08631313131313131,0.038496427023612036,0.7851481500728031,0.17635542290358486
0.08681818181818182,0.040346404424807754,0.7794275507561316,0.18022604481906068
0.08732323232323233,0.0422360223904282,0.7735810778961248,0.18418289971344692
0.08782828282828284,0.044160783324872915,0.7676317358901923,0.18820748078493477
0.08833333333333335,0.04611630880347891,0.7615995519242075,0.19228413927231358
0.08883838383838386,0.04809777413617803,0.7555026820473855,0.19639954381643654
0.08934343434343435,0.050099691655397564,0.7493579849630512,0.2005423233815513
0.08984848484848486,0.0521162468007761,0.7431805768414714,0.20470317635775248
0.09035353535353535,0.05414198020905948,0.7369825790953743,0.20887544069556618
0.09085858585858586,0.05617236756550179,0.7307718652179185,0.2130557672165797
0.09136363636363637,0.0582039401759883,0.7245517086422943,0.21724435118171737
0.09186868686868688,0.06023393041267701,0.7183217300808196,0.22144433950650344
0.09237373737373739,0.062259763542104926,0.7120797184230874,0.2256605180348077
0.0928787878787879,0.06427881453827508,0.7058232675874113,0.22989791787431357
0.0933838383838384,0.06628864898370657,0.6995501754643276,0.2341611755519658
0.0938888888888889,0.06828762164210914,0.6932572692026864,0.23845510915520451
0.0943939393939394,0.07027545606589458,0.6869383727190269,0.2427861712150785
0.0948989898989899,0.07225343772979179,0.6805828616164699,0.24716370065373838
0.09540404040404041,0.07422410589371778,0.6741761134635319,0.25159978064275035
0.09590909090909092,0.07619065406681089,0.6677020986774296,0.2561072472557595
0.09641414141414142,0.07815643876696096,0.6611469171690944,0.26069664406394466
0.09691919191919193,0.08012493809613078,0.6545011733673338,0.26537388853653543
0.09742424242424244,0.08210023304517021,0.6477594296570026,0.27014033729782716
0.09792929292929294,0.08408775820135725,0.6409166234377481,0.2749956183608946
0.09843434343434344,0.08609486336276612,0.6339634429410251,0.2799416936962088
0.09893939393939395,0.08813076240903027,0.6268838868416349,0.28498535074933484
0.09944444444444445,0.09020573187893925,0.6196575083751877,0.29013675974587305
0.09994949494949495,0.09232985339427724,0.612266157494777,0.2954039891109458
0.10045454545454546,0.09451196970166935,0.6047017285574653,0.3007863017408654
0.10095959595959597,0.09675960379407364,0.596969647520356,0.30627074868557036
0.10146464646464648,0.09908020558780191,0.5890843050754135,0.3118354893367845
0.10196969696969699,0.10148328788413563,0.5810573210006577,0.3174593911152067
0.10247474747474748,0.10398215384495547,0.572885096267899,0.3231327498871456
0.10297979797979799,0.10659360655741217,0.5645448594392041,0.3288615340033838
0.10348484848484849,0.10933480352941378,0.5560053624955327,0.3346598339750535
0.103989898989899,0.11221827756886871,0.5472496432912505,0.3405320791398808
0.1044949494949495,0.11524822629563107,0.5382971024898803,0.3464546712144887
0.10500000000000001,0.11842190857206991,0.5292074610325394,0.35237063039539074

